35.3839	32.94263	-106.9151
39.3889	32.94262	-106.91508
43.3999	32.942641	-106.9151
47.4098	32.942662	-106.91512
51.4228	32.942674	-106.91513
55.4328	32.942686	-106.91514
59.4397	32.942692	-106.91515
63.4537	32.942701	-106.91516
67.4727	32.942706	-106.91516
71.4736	32.942707	-106.91517
75.4836	32.942709	-106.91517
79.4995	32.942712	-106.91517
83.5095	32.942713	-106.91518
87.5244	32.942714	-106.91518
91.5424	32.942716	-106.91518
95.5393	32.942717	-106.91518
99.5523	32.942719	-106.91518
103.569	32.94272	-106.91518
107.582	32.942721	-106.91518
111.589	32.942723	-106.91517
115.599	32.942726	-106.91517
119.603	32.942727	-106.91517
123.618	32.94273	-106.91517
127.632	32.942732	-106.91517
131.634	32.942733	-106.91517
135.649	32.942735	-106.91517
139.658	32.942735	-106.91517
143.67	32.942734	-106.91517
147.69	32.942733	-106.91517
151.699	32.942733	-106.91517
155.709	32.942732	-106.91517
159.721	32.942732	-106.91516
163.731	32.942731	-106.91516
167.742	32.942731	-106.91516
171.755	32.94273	-106.91516
175.773	32.942729	-106.91516
179.783	32.942729	-106.91516
183.797	32.942727	-106.91516
187.822	32.942726	-106.91516
191.827	32.942725	-106.91516
195.839	32.942724	-106.91516
199.852	32.942723	-106.91517
203.865	32.942723	-106.91517
207.873	32.942723	-106.91517
211.888	32.942722	-106.91517
215.899	32.942722	-106.91517
219.909	32.942723	-106.91517
223.929	32.942724	-106.91517
227.931	32.942725	-106.91517
231.941	32.942727	-106.91516
235.956	32.942729	-106.91516
239.965	32.94273	-106.91515
243.977	32.942732	-106.91515
247.982	32.942733	-106.91515
251.998	32.942734	-106.91515
256.004	32.942735	-106.91515
260.013	32.942736	-106.91515
264.028	32.942736	-106.91515
268.042	32.942736	-106.91515
272.053	32.942734	-106.91515
276.057	32.942733	-106.91515
280.079	32.942733	-106.91515
284.08	32.942732	-106.91515
288.09	32.942732	-106.91515
292.113	32.942733	-106.91515
296.116	32.942734	-106.91515
300.134	32.942735	-106.91515
304.136	32.942736	-106.91514
308.145	32.942737	-106.91514
312.164	32.942738	-106.91514
316.181	32.942738	-106.91514
320.18	32.942738	-106.91514
324.192	32.942738	-106.91514
328.207	32.942737	-106.91514
332.212	32.942736	-106.91514
336.223	32.942735	-106.91514
340.237	32.942734	-106.91514
344.256	32.942733	-106.91514
348.262	32.942732	-106.91514
352.276	32.942731	-106.91514
356.286	32.942731	-106.91514
360.302	32.94273	-106.91514
364.307	32.94273	-106.91514
368.327	32.942729	-106.91514
372.324	32.94273	-106.91514
376.337	32.94273	-106.91514
380.347	32.94273	-106.91514
384.358	32.94273	-106.91514
388.378	32.942731	-106.91514
392.38	32.942731	-106.91514
396.393	32.94273	-106.91514
400.403	32.942729	-106.91514
404.416	32.942728	-106.91515
408.421	32.942727	-106.91515
412.439	32.942726	-106.91515
416.444	32.942724	-106.91516
420.46	32.942723	-106.91516
424.467	32.942724	-106.91516
428.485	32.942722	-106.91516
432.491	32.942722	-106.91516
436.507	32.942721	-106.91516
440.51	32.942721	-106.91516
444.522	32.942722	-106.91516
448.538	32.942722	-106.91516
452.541	32.942722	-106.91516
456.556	32.942723	-106.91516
460.576	32.942724	-106.91516
464.581	32.942725	-106.91516
468.592	32.942727	-106.91517
472.608	32.942728	-106.91517
476.627	32.942728	-106.91517
480.637	32.942727	-106.91517
484.648	32.942727	-106.91517
488.664	32.942728	-106.91518
492.663	32.942728	-106.91518
496.678	32.942729	-106.91517
500.688	32.942728	-106.91517
504.714	32.942728	-106.91517
508.715	32.942728	-106.91517
512.74	32.942726	-106.91517
516.744	32.942726	-106.91517
520.749	32.942726	-106.91517
524.762	32.942726	-106.91517
528.771	32.942727	-106.91517
532.771	32.942727	-106.91517
536.783	32.942728	-106.91517
540.799	32.942728	-106.91516
544.811	32.942727	-106.91516
548.815	32.942726	-106.91516
552.83	32.942725	-106.91516
556.836	32.942726	-106.91516
560.84	32.942725	-106.91516
564.852	32.942725	-106.91516
568.858	32.942725	-106.91516
572.87	32.942724	-106.91515
576.894	32.942725	-106.91515
580.899	32.942726	-106.91516
584.908	32.942727	-106.91516
588.928	32.942729	-106.91516
592.926	32.94273	-106.91516
596.932	32.942731	-106.91516
600.942	32.942732	-106.91516
604.956	32.942733	-106.91516
608.973	32.942732	-106.91516
612.978	32.942733	-106.91516
616.986	32.942733	-106.91515
620.996	32.94273	-106.91515
625.004	32.942727	-106.91515
629.02	32.942727	-106.91515
633.029	32.942725	-106.91515
637.032	32.942725	-106.91516
641.042	32.942724	-106.91516
645.056	32.942723	-106.91516
649.066	32.942723	-106.91516
653.075	32.942723	-106.91516
657.094	32.942723	-106.91516
661.112	32.942723	-106.91516
665.113	32.942723	-106.91516
669.126	32.942721	-106.91517
673.135	32.942721	-106.91517
677.149	32.942721	-106.91517
681.159	32.942721	-106.91517
685.168	32.94272	-106.91517
689.172	32.94272	-106.91517
693.176	32.94272	-106.91517
697.19	32.94272	-106.91517
701.201	32.94272	-106.91516
705.209	32.942719	-106.91517
709.219	32.942719	-106.91517
713.23	32.942718	-106.91516
717.243	32.942717	-106.91517
721.253	32.942716	-106.91517
725.26	32.942715	-106.91517
729.274	32.942714	-106.91517
733.29	32.942712	-106.91518
737.304	32.942711	-106.91518
741.314	32.94271	-106.91518
745.316	32.942708	-106.91518
749.33	32.942707	-106.91518
753.329	32.942706	-106.91517
757.349	32.942704	-106.91517
761.348	32.942704	-106.91517
765.352	32.942702	-106.91517
769.356	32.942702	-106.91517
773.367	32.942702	-106.91517
777.384	32.942702	-106.91516
781.378	32.942702	-106.91516
785.388	32.942703	-106.91516
789.402	32.942703	-106.91516
793.417	32.942704	-106.91517
797.43	32.942705	-106.91517
801.431	32.942706	-106.91517
805.439	32.942706	-106.91517
809.447	32.942707	-106.91517
813.463	32.942708	-106.91517
817.481	32.94271	-106.91517
821.481	32.942712	-106.91517
825.49	32.942714	-106.91518
829.503	32.942714	-106.91518
833.514	32.942715	-106.91518
837.529	32.942716	-106.91518
841.531	32.942717	-106.91518
845.537	32.942717	-106.91517
849.547	32.942718	-106.91517
853.56	32.942717	-106.91517
857.573	32.942717	-106.91517
861.589	32.942717	-106.91517
865.593	32.942716	-106.91517
869.6	32.942715	-106.91517
873.619	32.942714	-106.91517
877.63	32.942714	-106.91517
881.635	32.942715	-106.91517
885.657	32.942715	-106.91517
889.666	32.942714	-106.91517
893.678	32.942712	-106.91517
897.686	32.942711	-106.91517
901.694	32.94271	-106.91516
905.704	32.942709	-106.91516
909.714	32.94271	-106.91515
913.733	32.942711	-106.91515
917.737	32.942714	-106.91514
921.756	32.942716	-106.91514
925.762	32.942718	-106.91514
929.765	32.942718	-106.91513
933.783	32.942718	-106.91514
937.798	32.942718	-106.91514
941.812	32.942718	-106.91514
945.817	32.942718	-106.91514
949.826	32.942723	-106.91513
953.84	32.942722	-106.91513
957.854	32.942721	-106.91514
961.854	32.94272	-106.91514
965.868	32.942719	-106.91515
969.867	32.942718	-106.91515
973.881	32.942715	-106.91516
977.896	32.942712	-106.91517
981.91	32.94271	-106.91517
985.912	32.942711	-106.91518
989.929	32.942714	-106.91518
993.946	32.942717	-106.91518
997.956	32.942717	-106.91518
1001.95	32.942717	-106.91518
1005.96	32.942718	-106.91518
1009.97	32.942718	-106.91518
1013.99	32.942717	-106.91518
1018	32.942718	-106.91517
1022.01	32.942718	-106.91517
1026.02	32.942719	-106.91517
1030.04	32.942718	-106.91517
1034.05	32.942718	-106.91517
1038.06	32.942719	-106.91517
1042.07	32.942718	-106.91517
1046.07	32.942718	-106.91516
1050.09	32.942717	-106.91516
1054.1	32.942716	-106.91516
1058.12	32.942715	-106.91516
1062.13	32.942714	-106.91516
1066.14	32.942715	-106.91516
1070.14	32.942715	-106.91516
1074.16	32.942714	-106.91516
1078.17	32.942715	-106.91516
1082.18	32.942716	-106.91516
1086.18	32.942717	-106.91516
1090.2	32.942718	-106.91516
1094.22	32.942719	-106.91516
1098.22	32.942718	-106.91515
1102.24	32.942719	-106.91515
1106.24	32.942718	-106.91515
1110.25	32.942718	-106.91515
1114.26	32.942717	-106.91515
1118.27	32.942717	-106.91515
1122.28	32.942717	-106.91515
1126.28	32.942716	-106.91515
1130.3	32.942714	-106.91515
1134.31	32.942713	-106.91516
1138.32	32.942711	-106.91516
1142.33	32.94271	-106.91516
1146.34	32.94271	-106.91516
1150.35	32.942711	-106.91516
1153.96	32.942711	-106.91516
1154.16	32.942711	-106.91516
1154.36	32.942711	-106.91516
1154.56	32.942709	-106.91516
1154.76	32.942701	-106.91516
1154.97	32.942686	-106.91518
1155.16	32.942661	-106.9152
1155.36	32.942638	-106.91522
1155.57	32.942626	-106.91523
1155.77	32.942627	-106.91525
1155.97	32.94264	-106.91526
1156.17	32.942655	-106.91527
1156.37	32.942639	-106.9153
1156.57	32.94259	-106.91533
1156.77	32.94252	-106.91537
1156.97	32.942434	-106.91541
1157.17	32.942344	-106.91545
1157.37	32.942248	-106.9155
1157.56	32.942146	-106.91555
1157.76	32.942038	-106.9156
1157.96	32.941923	-106.91565
1158.17	32.941806	-106.9157
1158.37	32.941689	-106.91576
1158.57	32.941562	-106.91582
1158.77	32.941424	-106.91589
1158.97	32.941279	-106.91596
1159.16	32.941133	-106.91603
1159.37	32.940984	-106.91611
1159.56	32.940839	-106.91618
1159.77	32.940694	-106.91626
1159.97	32.940688	-106.91626
1160.17	32.940568	-106.91633
1160.37	32.940444	-106.9164
1160.57	32.940313	-106.91647
1160.77	32.940168	-106.91655
1160.97	32.940031	-106.91662
1161.17	32.939892	-106.9167
1161.37	32.940292	-106.9164
1161.57	32.940558	-106.9162
1161.78	32.940637	-106.91615
1161.97	32.940766	-106.91607
1162.18	32.940953	-106.91597
1167.19	32.947038	-106.9116
1167.39	32.947099	-106.91143
1167.59	32.947154	-106.91135
1167.79	32.947221	-106.91127
1167.99	32.947301	-106.91118
1168.2	32.947393	-106.91108
1168.39	32.947522	-106.91093
1168.6	32.94768	-106.91074
1168.79	32.947799	-106.9106
1169	32.947917	-106.91046
1169.19	32.948032	-106.91033
1169.4	32.948155	-106.91018
1169.6	32.948311	-106.91
1169.8	32.948482	-106.90979
1170	32.948631	-106.90962
1170.2	32.948764	-106.90947
1170.4	32.948898	-106.90931
1170.6	32.949021	-106.90918
1170.8	32.94914	-106.90906
1171	32.949255	-106.90894
1171.2	32.949364	-106.90883
1171.4	32.949474	-106.90873
1171.6	32.94957	-106.90865
1171.81	32.949775	-106.90839
1172.01	32.949899	-106.90825
1172.21	32.949997	-106.90815
1172.4	32.950079	-106.90807
1172.6	32.95016	-106.90799
1172.8	32.950241	-106.90791
1173.02	32.950321	-106.90783
1173.21	32.950401	-106.90776
1173.4	32.950479	-106.90768
1173.62	32.950557	-106.9076
1173.81	32.950634	-106.90753
1174.01	32.95071	-106.90746
1174.21	32.950786	-106.90738
1174.42	32.950861	-106.90731
1174.62	32.950936	-106.90724
1174.81	32.95101	-106.90716
1175.01	32.951083	-106.90709
1175.21	32.951158	-106.90702
1175.42	32.951232	-106.90695
1175.62	32.951306	-106.90687
1175.82	32.95138	-106.9068
1176.01	32.951455	-106.90673
1176.21	32.951529	-106.90666
1176.42	32.951604	-106.90659
1176.61	32.951679	-106.90651
1176.82	32.951752	-106.90644
1177.02	32.951825	-106.90637
1177.21	32.951897	-106.9063
1177.41	32.951968	-106.90623
1177.62	32.952038	-106.90617
1177.82	32.952108	-106.90609
1178.02	32.952178	-106.90602
1178.22	32.952246	-106.90595
1178.42	32.952313	-106.90588
1178.62	32.952383	-106.9058
1178.82	32.952454	-106.90573
1179.02	32.952526	-106.90566
1179.22	32.952599	-106.90559
1179.42	32.952676	-106.90551
1179.62	32.95275	-106.90544
1179.82	32.952825	-106.90536
1180.02	32.952899	-106.90529
1180.22	32.952972	-106.90522
1180.42	32.953045	-106.90515
1180.62	32.953117	-106.90507
1180.82	32.953189	-106.905
1181.02	32.953261	-106.90493
1181.22	32.953333	-106.90486
1181.42	32.953404	-106.90479
1181.61	32.953475	-106.90472
1181.82	32.953545	-106.90465
1182.03	32.953613	-106.90458
1182.22	32.953681	-106.90451
1182.42	32.95375	-106.90445
1182.62	32.953818	-106.90438
1182.82	32.953886	-106.90431
1183.02	32.953954	-106.90424
1183.22	32.954022	-106.90417
1183.42	32.954088	-106.9041
1183.64	32.954154	-106.90403
1183.83	32.95422	-106.90396
1184.03	32.954285	-106.90389
1184.23	32.954348	-106.90383
1184.42	32.954408	-106.90376
1184.63	32.954465	-106.90369
1184.83	32.954519	-106.90364
1185.03	32.954566	-106.90358
1185.23	32.954608	-106.90352
1185.43	32.954645	-106.90347
1185.63	32.954679	-106.90342
1185.82	32.954709	-106.90337
1186.04	32.954734	-106.90333
1186.23	32.954758	-106.90329
1186.43	32.954778	-106.90326
1186.63	32.95479	-106.90322
1186.82	32.954801	-106.90319
1187.03	32.954812	-106.90316
1187.23	32.954819	-106.90313
1187.43	32.954824	-106.9031
1187.63	32.95483	-106.90307
1187.83	32.954837	-106.90304
1188.03	32.95484	-106.90301
1188.23	32.95484	-106.90298
1188.43	32.954842	-106.90296
1188.64	32.954845	-106.90293
1188.83	32.954846	-106.90291
1189.04	32.954842	-106.90288
1189.24	32.954838	-106.90285
1189.44	32.954834	-106.90283
1189.64	32.954828	-106.9028
1189.84	32.954821	-106.90277
1190.04	32.954816	-106.90275
1190.24	32.95481	-106.90273
1190.43	32.954807	-106.9027
1190.64	32.954804	-106.90268
1190.83	32.954797	-106.90265
1191.03	32.954788	-106.90263
1191.24	32.954779	-106.90261
1191.44	32.954771	-106.90258
1191.64	32.954763	-106.90256
1191.84	32.954752	-106.90253
1192.04	32.954741	-106.90251
1192.24	32.954732	-106.90248
1192.44	32.954722	-106.90245
1192.63	32.95471	-106.90243
1192.84	32.954697	-106.9024
1193.04	32.954684	-106.90238
1193.25	32.954674	-106.90236
1193.45	32.954664	-106.90234
1193.64	32.954653	-106.90231
1193.85	32.954641	-106.90228
1194.04	32.954628	-106.90225
1194.25	32.954617	-106.90223
1194.45	32.954606	-106.9022
1194.66	32.954595	-106.90217
1194.85	32.954582	-106.90214
1195.05	32.954569	-106.90212
1195.25	32.954556	-106.90209
1195.45	32.954541	-106.90206
1195.66	32.954527	-106.90203
1195.86	32.954513	-106.902
1196.05	32.954499	-106.90197
1196.26	32.954486	-106.90194
1196.46	32.954473	-106.90191
1196.66	32.95446	-106.90188
1196.85	32.954448	-106.90185
1197.07	32.954434	-106.90182
1197.26	32.95442	-106.90178
1197.46	32.954406	-106.90175
1197.67	32.95439	-106.90172
1197.87	32.954374	-106.90169
1198.07	32.95436	-106.90166
1198.26	32.954346	-106.90163
1198.47	32.954331	-106.9016
1198.67	32.954313	-106.90156
1198.87	32.954296	-106.90154
1199.07	32.954282	-106.90151
1199.26	32.954269	-106.90148
1199.47	32.954256	-106.90144
1199.66	32.95424	-106.90141
1199.87	32.954225	-106.90138
1200.07	32.954212	-106.90135
1200.28	32.954197	-106.90131
1200.47	32.954181	-106.90128
1200.67	32.954163	-106.90125
1200.87	32.954147	-106.90122
1201.07	32.954135	-106.90119
1201.28	32.954121	-106.90116
1201.47	32.954103	-106.90113
1201.68	32.954086	-106.90111
1201.88	32.954073	-106.90108
1202.08	32.95406	-106.90105
1202.27	32.954043	-106.90102
1202.47	32.954025	-106.90099
1202.68	32.954012	-106.90097
1202.88	32.954	-106.90094
1203.07	32.953984	-106.90091
1203.28	32.953965	-106.90088
1203.48	32.953951	-106.90086
1203.68	32.953939	-106.90083
1203.88	32.953922	-106.90081
1204.08	32.953904	-106.90078
1204.28	32.953893	-106.90076
1204.48	32.95388	-106.90073
1204.68	32.953862	-106.90071
1204.88	32.953851	-106.90069
1205.07	32.953842	-106.90067
1205.29	32.953828	-106.90064
1205.49	32.953812	-106.90062
1205.69	32.9538	-106.9006
1205.89	32.953792	-106.90058
1206.09	32.953781	-106.90056
1206.28	32.953766	-106.90053
1206.49	32.953755	-106.90052
1206.69	32.953744	-106.90049
1206.88	32.953733	-106.90047
1207.08	32.953721	-106.90045
1207.29	32.953706	-106.90043
1207.49	32.953691	-106.90041
1207.69	32.953678	-106.9004
1207.89	32.953666	-106.90038
1208.09	32.953653	-106.90036
1208.29	32.953641	-106.90034
1208.49	32.95363	-106.90033
1208.69	32.953618	-106.90031
1208.89	32.953607	-106.9003
1209.1	32.953597	-106.90028
1209.3	32.953587	-106.90027
1209.5	32.953575	-106.90025
1209.69	32.953562	-106.90024
1209.9	32.953549	-106.90022
1210.1	32.953535	-106.90021
1210.29	32.953521	-106.90019
1210.5	32.953508	-106.90018
1210.7	32.953495	-106.90017
1210.9	32.953483	-106.90015
1211.1	32.953469	-106.90014
1211.3	32.953456	-106.90013
1211.51	32.953445	-106.90011
1211.7	32.953433	-106.9001
1211.91	32.953419	-106.90008
1212.1	32.953403	-106.90007
1212.31	32.953386	-106.90005
1212.5	32.953372	-106.90004
1212.7	32.953359	-106.90003
1212.91	32.953345	-106.90001
1213.11	32.953329	-106.9
1213.31	32.953313	-106.89998
1213.51	32.953299	-106.89997
1213.71	32.953286	-106.89996
1213.91	32.953271	-106.89994
1214.11	32.953258	-106.89993
1214.31	32.953246	-106.89992
1214.51	32.953234	-106.8999
1214.71	32.953218	-106.89989
1214.91	32.953201	-106.89988
1215.11	32.953188	-106.89987
1215.31	32.953176	-106.89985
1215.52	32.953165	-106.89984
1215.71	32.953153	-106.89983
1215.91	32.953143	-106.89982
1216.12	32.953131	-106.89981
1216.31	32.953116	-106.8998
1216.51	32.953103	-106.89979
1216.72	32.953092	-106.89979
1216.91	32.953083	-106.89978
1217.12	32.953074	-106.89977
1217.33	32.953063	-106.89976
1217.52	32.953053	-106.89976
1217.72	32.953043	-106.89974
1217.92	32.953029	-106.89973
1218.12	32.953015	-106.89973
1218.32	32.953	-106.89972
1218.52	32.952987	-106.89972
1218.72	32.952976	-106.89972
1218.92	32.952965	-106.89971
1219.12	32.952953	-106.8997
1219.32	32.952937	-106.89969
1219.52	32.952921	-106.89969
1219.73	32.952907	-106.89968
1219.93	32.952895	-106.89968
1220.13	32.952882	-106.89967
1220.32	32.95287	-106.89967
1220.53	32.95286	-106.89966
1220.73	32.952847	-106.89965
1220.93	32.952832	-106.89964
1221.13	32.952816	-106.89963
1221.33	32.952803	-106.89963
1221.53	32.952791	-106.89962
1221.73	32.952781	-106.89961
1221.93	32.952768	-106.8996
1222.13	32.952753	-106.89959
1222.34	32.952739	-106.89958
1222.53	32.952727	-106.89958
1222.74	32.952717	-106.89957
1222.94	32.952706	-106.89956
1223.13	32.952696	-106.89955
1223.34	32.952683	-106.89954
1223.54	32.952671	-106.89953
1223.74	32.95266	-106.89953
1223.94	32.952651	-106.89952
1224.13	32.952642	-106.89952
1224.34	32.952631	-106.89951
1224.54	32.952619	-106.8995
1224.73	32.952606	-106.8995
1224.95	32.952594	-106.89949
1225.14	32.952583	-106.89948
1225.34	32.952574	-106.89948
1225.54	32.952567	-106.89947
1225.74	32.952561	-106.89946
1225.94	32.952553	-106.89946
1226.15	32.952545	-106.89945
1226.35	32.952537	-106.89944
1226.54	32.952528	-106.89943
1226.75	32.952517	-106.89943
1226.95	32.952504	-106.89942
1227.15	32.95249	-106.89942
1227.34	32.952475	-106.89941
1227.55	32.952461	-106.89941
1227.75	32.952447	-106.8994
1227.95	32.952434	-106.8994
1228.16	32.952422	-106.8994
1228.35	32.952408	-106.89939
1228.55	32.952395	-106.89939
1228.75	32.952382	-106.89939
1228.96	32.952367	-106.8994
1229.15	32.952353	-106.8994
1229.36	32.952341	-106.8994
1229.56	32.952327	-106.8994
1229.76	32.952314	-106.89941
1229.95	32.952298	-106.89941
1230.16	32.952283	-106.89942
1230.36	32.95227	-106.89942
1230.55	32.952257	-106.89943
1230.75	32.952246	-106.89943
1230.96	32.952236	-106.89944
1231.16	32.952224	-106.89944
1231.36	32.952213	-106.89945
1231.56	32.952202	-106.89945
1231.76	32.95219	-106.89946
1231.96	32.95218	-106.89946
1232.16	32.95217	-106.89947
1232.36	32.952162	-106.89947
1232.56	32.952154	-106.89947
1232.76	32.952143	-106.89947
1232.96	32.952131	-106.89948
1233.16	32.952117	-106.89949
1233.36	32.952105	-106.89949
1233.57	32.952096	-106.8995
1233.77	32.952083	-106.8995
1233.96	32.952065	-106.89951
1234.16	32.952051	-106.89952
1234.37	32.952042	-106.89953
1234.57	32.952033	-106.89953
1234.77	32.952024	-106.89953
1234.97	32.952013	-106.89954
1235.17	32.951998	-106.89954
1235.36	32.951984	-106.89955
1235.57	32.951972	-106.89956
1235.78	32.95196	-106.89957
1235.97	32.951947	-106.89957
1236.17	32.951935	-106.89958
1236.37	32.951926	-106.89959
1236.58	32.951917	-106.8996
1236.78	32.951907	-106.89961
1236.97	32.951897	-106.89962
1237.18	32.951888	-106.89963
1237.38	32.95188	-106.89964
1237.58	32.951873	-106.89965
1237.79	32.951867	-106.89966
1237.98	32.95186	-106.89966
1238.18	32.951853	-106.89967
1238.38	32.951844	-106.89967
1238.58	32.951836	-106.89968
1238.78	32.951828	-106.89969
1238.98	32.951822	-106.89969
1239.18	32.951818	-106.8997
1239.38	32.951811	-106.8997
1239.58	32.951801	-106.8997
1239.78	32.95179	-106.89971
1239.99	32.951781	-106.89971
1240.19	32.951774	-106.89972
1240.39	32.951765	-106.89972
1240.58	32.951757	-106.89973
1240.79	32.951749	-106.89973
1240.99	32.951743	-106.89974
1241.18	32.951737	-106.89974
1241.39	32.951731	-106.89974
1241.59	32.951723	-106.89975
1241.79	32.951714	-106.89975
1241.99	32.951704	-106.89976
1242.2	32.951696	-106.89977
1242.4	32.951691	-106.89977
1242.59	32.951686	-106.89978
1242.8	32.951681	-106.89978
1243	32.951675	-106.89979
1243.2	32.95167	-106.89979
1243.4	32.951664	-106.8998
1243.6	32.951658	-106.8998
1243.8	32.951652	-106.89981
1244	32.951647	-106.89981
1244.2	32.951641	-106.89981
1244.4	32.951635	-106.89981
1244.6	32.951629	-106.89981
1244.81	32.951623	-106.89981
1245.01	32.951617	-106.89982
1245.21	32.951611	-106.89982
1245.41	32.951603	-106.89982
1245.61	32.951595	-106.89983
1245.81	32.951587	-106.89983
1246.01	32.951582	-106.89984
1246.21	32.951576	-106.89984
1246.41	32.95157	-106.89985
1246.61	32.951561	-106.89985
1246.81	32.951552	-106.89986
1247.01	32.951544	-106.89987
1247.22	32.951537	-106.89988
1247.42	32.95153	-106.89989
1247.61	32.951522	-106.8999
1247.82	32.951515	-106.8999
1248.02	32.951508	-106.89991
1248.23	32.9515	-106.89992
1248.43	32.951492	-106.89992
1248.62	32.951483	-106.89993
1248.82	32.951474	-106.89993
1249.02	32.951468	-106.89993
1249.22	32.951461	-106.89994
1249.42	32.951455	-106.89994
1249.63	32.951448	-106.89994
1249.82	32.951441	-106.89994
1250.03	32.951434	-106.89994
1250.22	32.951426	-106.89994
1250.43	32.951418	-106.89994
1250.62	32.95141	-106.89994
1250.82	32.951404	-106.89995
1251.03	32.951399	-106.89995
1251.23	32.951394	-106.89995
1251.43	32.951386	-106.89995
1251.63	32.951378	-106.89995
1251.83	32.95137	-106.89996
1252.04	32.951362	-106.89996
1252.23	32.951355	-106.89996
1252.43	32.951346	-106.89996
1252.63	32.951333	-106.89997
1252.83	32.951323	-106.89998
1253.03	32.951315	-106.89998
1253.24	32.951305	-106.89999
1253.43	32.951294	-106.89999
1253.64	32.951283	-106.9
1253.84	32.951273	-106.9
1254.04	32.951267	-106.9
1254.24	32.951258	-106.9
1254.44	32.951248	-106.9
1254.64	32.951235	-106.90001
1254.84	32.951224	-106.90001
1255.04	32.951215	-106.90002
1255.24	32.951207	-106.90002
1255.45	32.9512	-106.90002
1255.64	32.951191	-106.90002
1255.84	32.95118	-106.90003
1256.04	32.951168	-106.90003
1256.24	32.951158	-106.90003
1256.44	32.951153	-106.90003
1256.64	32.951147	-106.90003
1256.84	32.95114	-106.90004
1257.05	32.951131	-106.90004
1257.25	32.951121	-106.90004
1257.45	32.951115	-106.90004
1257.65	32.95111	-106.90004
1257.84	32.951103	-106.90005
1258.04	32.951094	-106.90005
1258.25	32.951086	-106.90005
1258.44	32.951082	-106.90005
1258.65	32.951078	-106.90005
1258.84	32.951073	-106.90006
1259.04	32.951066	-106.90006
1259.25	32.951058	-106.90006
1259.46	32.951049	-106.90006
1259.65	32.951041	-106.90006
1259.86	32.951032	-106.90006
1260.05	32.951022	-106.90006
1260.26	32.951013	-106.90006
1260.45	32.951005	-106.90007
1260.66	32.950995	-106.90007
1260.85	32.950985	-106.90007
1261.07	32.950974	-106.90008
1261.26	32.950964	-106.90008
1261.45	32.950955	-106.90009
1261.66	32.950947	-106.90009
1261.85	32.950938	-106.9001
1262.05	32.950929	-106.9001
1262.26	32.950919	-106.9001
1262.46	32.950909	-106.9001
1262.66	32.950899	-106.9001
1262.87	32.950889	-106.90011
1263.06	32.950879	-106.90011
1263.26	32.950869	-106.90012
1263.46	32.95086	-106.90012
1263.66	32.950852	-106.90013
1263.86	32.950844	-106.90013
1264.06	32.950836	-106.90013
1264.27	32.950826	-106.90014
1264.46	32.950814	-106.90015
1264.67	32.950803	-106.90016
1264.87	32.950793	-106.90016
1265.07	32.950784	-106.90017
1265.27	32.950773	-106.90018
1265.47	32.950762	-106.90018
1265.67	32.95075	-106.90019
1265.87	32.950739	-106.9002
1266.07	32.950728	-106.90021
1266.28	32.950718	-106.90022
1266.48	32.95071	-106.90023
1266.68	32.950701	-106.90024
1266.88	32.950692	-106.90024
1267.08	32.950683	-106.90025
1267.27	32.950673	-106.90026
1267.47	32.950662	-106.90027
1267.68	32.950653	-106.90028
1267.88	32.950643	-106.9003
1268.08	32.950634	-106.90031
1268.28	32.950625	-106.90032
1268.49	32.950616	-106.90033
1268.68	32.950606	-106.90033
1268.89	32.950596	-106.90034
1269.09	32.950585	-106.90035
1269.29	32.950577	-106.90036
1269.49	32.950569	-106.90037
1269.69	32.950558	-106.90038
1269.89	32.950546	-106.90038
1270.09	32.950536	-106.90039
1270.29	32.950528	-106.9004
1270.5	32.95052	-106.90041
1270.69	32.950514	-106.90042
1270.89	32.950508	-106.90043
1271.09	32.950501	-106.90044
1271.29	32.950492	-106.90044
1271.49	32.950483	-106.90045
1271.69	32.950477	-106.90047
1271.89	32.950472	-106.90048
1272.1	32.950466	-106.90048
1272.29	32.950458	-106.90049
1272.5	32.950447	-106.9005
1272.7	32.95044	-106.90052
1272.89	32.950434	-106.90053
1273.1	32.950426	-106.90054
1273.29	32.950414	-106.90054
1273.5	32.950402	-106.90055
1273.7	32.950388	-106.90056
1273.9	32.950375	-106.90057
1274.1	32.950363	-106.90058
1274.3	32.950352	-106.90059
1274.5	32.950339	-106.90059
1274.7	32.950325	-106.9006
1274.9	32.950311	-106.9006
1275.11	32.950297	-106.90061
1275.3	32.950284	-106.90062
1275.5	32.950272	-106.90062
1275.7	32.950262	-106.90063
1275.91	32.950249	-106.90064
1276.11	32.950237	-106.90064
1276.31	32.950228	-106.90065
1276.51	32.950219	-106.90065
1276.71	32.950211	-106.90066
1276.92	32.950201	-106.90067
1277.11	32.950189	-106.90067
1277.31	32.950178	-106.90067
1277.51	32.950168	-106.90067
1277.72	32.950159	-106.90068
1277.92	32.950148	-106.90068
1278.11	32.950134	-106.90069
1278.32	32.95012	-106.90068
1278.51	32.950108	-106.90068
1278.73	32.950094	-106.90069
1278.93	32.950079	-106.90069
1279.11	32.950065	-106.90069
1279.32	32.95005	-106.9007
1279.52	32.950036	-106.9007
1279.73	32.950021	-106.9007
1279.92	32.950006	-106.9007
1280.13	32.94999	-106.9007
1280.32	32.949974	-106.9007
1280.53	32.949957	-106.9007
1280.73	32.949939	-106.9007
1280.94	32.949921	-106.9007
1281.13	32.949904	-106.9007
1281.33	32.949889	-106.9007
1281.53	32.949874	-106.9007
1281.73	32.949856	-106.9007
1281.93	32.949837	-106.9007
1282.13	32.949814	-106.9007
1282.33	32.949788	-106.9007
1282.53	32.949765	-106.9007
1282.73	32.949744	-106.9007
1282.93	32.949724	-106.90069
1283.13	32.949706	-106.90069
1283.34	32.949687	-106.90069
1283.54	32.949669	-106.90069
1283.75	32.949651	-106.90069
1283.93	32.949632	-106.90069
1284.14	32.949613	-106.90069
1284.34	32.949595	-106.90069
1284.53	32.949578	-106.90069
1284.74	32.949561	-106.90068
1284.94	32.949544	-106.90068
1285.14	32.949527	-106.90068
1285.34	32.949509	-106.90067
1285.54	32.949494	-106.90067
1285.75	32.949479	-106.90066
1285.94	32.949465	-106.90065
1286.14	32.949449	-106.90065
1286.35	32.949434	-106.90065
1286.55	32.949419	-106.90065
1286.74	32.949405	-106.90064
1286.94	32.949389	-106.90064
1287.15	32.949373	-106.90064
1287.34	32.949356	-106.90063
1287.55	32.949337	-106.90062
1287.75	32.949319	-106.90062
1287.96	32.949303	-106.90061
1288.14	32.949286	-106.90061
1288.35	32.949271	-106.9006
1288.56	32.949258	-106.90059
1288.76	32.949246	-106.90059
1288.96	32.949234	-106.90059
1289.16	32.949224	-106.90059
1289.36	32.949214	-106.90059
1289.55	32.949205	-106.90058
1289.76	32.949196	-106.90058
1289.96	32.949187	-106.90058
1290.16	32.949179	-106.90058
1290.36	32.94917	-106.90058
1290.56	32.949161	-106.90058
1290.76	32.949151	-106.90058
1290.96	32.949141	-106.90058
1291.16	32.949131	-106.90057
1291.37	32.94912	-106.90057
1291.57	32.94911	-106.90057
1291.77	32.949098	-106.90056
1291.98	32.949087	-106.90055
1292.18	32.949075	-106.90054
1292.37	32.949063	-106.90054
1292.57	32.949052	-106.90053
1292.78	32.94904	-106.90052
1292.97	32.949029	-106.90051
1293.17	32.949018	-106.90051
1293.37	32.949007	-106.9005
1293.58	32.948996	-106.90049
1293.78	32.948986	-106.90049
1293.98	32.948976	-106.90049
1294.18	32.948966	-106.90048
1294.38	32.948957	-106.90048
1294.59	32.948948	-106.90048
1294.78	32.94894	-106.90048
1294.98	32.948932	-106.90048
1295.18	32.948924	-106.90048
1295.39	32.948916	-106.90048
1295.58	32.948907	-106.90048
1295.79	32.948899	-106.90048
1295.99	32.948891	-106.90048
1296.18	32.948883	-106.90047
1296.39	32.948875	-106.90047
1296.59	32.948868	-106.90047
1296.8	32.948861	-106.90046
1296.99	32.948853	-106.90046
1297.2	32.948845	-106.90045
1297.4	32.948837	-106.90045
1297.6	32.94883	-106.90045
1297.79	32.948823	-106.90044
1297.99	32.948816	-106.90044
1298.19	32.948809	-106.90043
1298.39	32.948803	-106.90043
1298.59	32.948796	-106.90042
1298.8	32.948788	-106.90041
1298.99	32.94878	-106.90041
1299.2	32.948773	-106.9004
1299.4	32.948766	-106.9004
1299.6	32.948759	-106.90039
1299.8	32.948751	-106.90038
1300	32.948743	-106.90038
1300.21	32.948734	-106.90037
1300.41	32.948725	-106.90037
1300.61	32.948715	-106.90036
1300.82	32.948707	-106.90035
1301.01	32.948699	-106.90035
1301.23	32.94869	-106.90034
1301.41	32.94868	-106.90034
1301.61	32.94867	-106.90034
1301.81	32.94866	-106.90033
1302.02	32.948649	-106.90033
1302.21	32.948639	-106.90032
1302.41	32.94863	-106.90032
1302.61	32.94862	-106.90031
1302.82	32.94861	-106.90031
1303.02	32.9486	-106.9003
1303.21	32.948591	-106.90029
1303.42	32.948581	-106.90029
1303.62	32.948572	-106.90028
1303.82	32.948562	-106.90027
1304.02	32.948553	-106.90027
1304.22	32.948544	-106.90026
1304.42	32.948536	-106.90025
1304.61	32.948529	-106.90024
1304.82	32.948522	-106.90024
1305.02	32.948515	-106.90023
1305.23	32.948508	-106.90022
1305.42	32.948501	-106.90022
1305.63	32.948495	-106.90021
1305.83	32.948489	-106.9002
1306.03	32.948484	-106.9002
1306.22	32.948478	-106.90019
1306.43	32.948472	-106.90018
1306.64	32.948464	-106.90017
1306.83	32.948456	-106.90016
1307.03	32.948448	-106.90015
1307.23	32.948439	-106.90014
1307.43	32.94843	-106.90013
1307.62	32.948421	-106.90011
1307.83	32.948413	-106.9001
1308.03	32.948403	-106.90008
1308.23	32.948392	-106.90007
1308.44	32.94838	-106.90006
1308.64	32.948367	-106.90004
1308.83	32.948354	-106.90003
1309.03	32.948339	-106.90002
1309.23	32.948325	-106.9
1309.45	32.948309	-106.89999
1309.64	32.948294	-106.89998
1309.84	32.948277	-106.89996
1310.04	32.94826	-106.89995
1310.24	32.948244	-106.89994
1310.44	32.948229	-106.89993
1310.65	32.948214	-106.89992
1310.84	32.948198	-106.89991
1311.05	32.948182	-106.89989
1311.24	32.948168	-106.89988
1311.45	32.948152	-106.89987
1311.65	32.948136	-106.89986
1311.85	32.94812	-106.89985
1312.05	32.948102	-106.89984
1312.25	32.948082	-106.89982
1312.45	32.948064	-106.89981
1312.65	32.948047	-106.8998
1312.85	32.948027	-106.89979
1313.05	32.948007	-106.89978
1313.25	32.947986	-106.89977
1313.45	32.947965	-106.89975
1313.66	32.947943	-106.89974
1313.85	32.947921	-106.89974
1314.06	32.947899	-106.89973
1314.26	32.947877	-106.89972
1314.46	32.947855	-106.89971
1314.67	32.947833	-106.89971
1314.87	32.94781	-106.8997
1315.08	32.947787	-106.89969
1315.27	32.947763	-106.89969
1315.47	32.947739	-106.89968
1315.67	32.947714	-106.89968
1315.86	32.94769	-106.89967
1316.07	32.947666	-106.89967
1316.27	32.947641	-106.89966
1316.48	32.947616	-106.89965
1316.68	32.947591	-106.89965
1316.88	32.947568	-106.89964
1317.07	32.947544	-106.89963
1317.28	32.947521	-106.89963
1317.47	32.947497	-106.89962
1317.69	32.947474	-106.89961
1317.87	32.947452	-106.8996
1318.08	32.947429	-106.89959
1318.28	32.947406	-106.89957
1318.49	32.947384	-106.89956
1318.68	32.947363	-106.89955
1318.89	32.947342	-106.89954
1319.08	32.94732	-106.89953
1319.29	32.947299	-106.89952
1319.48	32.947277	-106.89951
1319.69	32.947253	-106.8995
1319.88	32.947229	-106.89949
1320.09	32.947205	-106.89948
1320.29	32.947183	-106.89948
1320.49	32.947158	-106.89947
1320.69	32.947134	-106.89947
1320.89	32.94711	-106.89946
1321.09	32.947085	-106.89946
1321.29	32.947062	-106.89945
1321.5	32.94704	-106.89944
1321.7	32.947017	-106.89944
1321.9	32.946994	-106.89943
1322.1	32.946973	-106.89942
1322.3	32.946953	-106.89942
1322.49	32.946932	-106.89941
1322.7	32.946913	-106.8994
1322.89	32.946892	-106.89939
1323.1	32.946873	-106.89938
1323.3	32.946853	-106.89937
1323.49	32.946834	-106.89936
1323.7	32.946815	-106.89935
1323.9	32.946797	-106.89934
1324.1	32.94678	-106.89932
1324.3	32.946763	-106.89931
1324.5	32.946746	-106.8993
1324.71	32.946731	-106.89929
1324.91	32.946716	-106.89928
1325.11	32.946701	-106.89927
1325.31	32.946687	-106.89926
1325.5	32.946674	-106.89925
1325.71	32.946659	-106.89924
1325.91	32.946645	-106.89923
1326.12	32.946632	-106.89922
1326.31	32.946619	-106.89921
1326.51	32.946606	-106.8992
1326.72	32.946593	-106.89919
1326.91	32.946579	-106.89919
1327.11	32.946566	-106.89918
1327.32	32.946555	-106.89917
1327.51	32.946543	-106.89916
1327.73	32.946532	-106.89915
1327.93	32.94652	-106.89914
1328.12	32.946508	-106.89914
1328.33	32.946497	-106.89913
1328.52	32.946486	-106.89912
1328.72	32.946477	-106.89912
1328.93	32.946468	-106.89911
1329.12	32.946459	-106.89911
1329.33	32.946448	-106.8991
1329.53	32.946437	-106.8991
1329.72	32.946426	-106.89909
1329.93	32.946415	-106.89909
1330.13	32.946404	-106.89909
1330.33	32.946393	-106.89909
1330.53	32.946381	-106.89909
1330.73	32.946369	-106.89909
1330.93	32.946357	-106.8991
1331.12	32.946343	-106.8991
1331.33	32.94633	-106.8991
1331.53	32.946316	-106.89911
1331.73	32.946303	-106.89911
1331.93	32.946289	-106.89912
1332.14	32.946276	-106.89912
1332.33	32.946264	-106.89913
1332.53	32.946251	-106.89913
1332.74	32.946238	-106.89914
1332.94	32.946224	-106.89915
1333.14	32.946209	-106.89916
1333.35	32.946193	-106.89917
1333.55	32.946177	-106.89918
1333.74	32.946161	-106.89919
1333.94	32.946143	-106.8992
1334.14	32.946125	-106.89921
1334.35	32.946105	-106.89922
1334.55	32.946084	-106.89924
1334.74	32.946062	-106.89925
1334.95	32.946039	-106.89926
1335.15	32.946016	-106.89927
1335.35	32.945992	-106.89927
1335.55	32.945968	-106.89928
1335.76	32.945943	-106.89929
1335.95	32.945918	-106.89929
1336.15	32.945896	-106.8993
1336.36	32.945871	-106.8993
1336.56	32.945848	-106.89931
1336.76	32.945824	-106.89931
1336.96	32.9458	-106.89931
1337.16	32.945777	-106.89932
1337.36	32.945755	-106.89932
1337.56	32.945734	-106.89932
1337.76	32.945712	-106.89933
1337.97	32.945689	-106.89933
1338.16	32.945666	-106.89934
1338.37	32.945645	-106.89935
1338.56	32.945622	-106.89936
1338.77	32.945602	-106.89937
1338.96	32.94558	-106.89938
1339.17	32.945559	-106.8994
1339.37	32.945539	-106.89941
1339.57	32.945519	-106.89943
1339.77	32.945499	-106.89944
1339.97	32.94548	-106.89945
1340.19	32.94546	-106.89947
1340.38	32.945439	-106.89948
1340.57	32.945419	-106.8995
1340.78	32.945399	-106.89951
1340.99	32.94538	-106.89953
1341.19	32.945361	-106.89954
1341.39	32.945343	-106.89955
1341.58	32.945326	-106.89957
1341.78	32.945308	-106.89958
1341.98	32.945291	-106.8996
1342.19	32.945276	-106.89961
1342.39	32.945262	-106.89963
1342.58	32.945248	-106.89964
1342.79	32.945234	-106.89966
1342.99	32.945221	-106.89968
1343.19	32.945209	-106.89969
1343.4	32.945198	-106.89971
1343.59	32.945186	-106.89973
1343.79	32.945175	-106.89974
1344	32.945163	-106.89976
1344.19	32.945152	-106.89978
1344.4	32.94514	-106.8998
1344.59	32.945128	-106.89981
1344.79	32.945114	-106.89983
1344.99	32.9451	-106.89985
1345.19	32.945087	-106.89986
1345.39	32.945074	-106.89988
1345.6	32.945061	-106.8999
1345.8	32.945049	-106.89991
1346.01	32.945038	-106.89992
1346.19	32.945027	-106.89994
1346.4	32.945016	-106.89995
1346.59	32.945008	-106.89996
1346.8	32.945003	-106.89997
1347	32.945003	-106.89997
1347.19	32.945003	-106.89997
1347.39	32.945004	-106.89997
1347.6	32.945004	-106.89997
1347.79	32.945004	-106.89997
1348.01	32.945004	-106.89997
1348.21	32.945004	-106.89997
1348.4	32.945003	-106.89997
1348.61	32.945003	-106.89997
1348.81	32.945003	-106.89997
1349.01	32.945002	-106.89997
1349.22	32.945002	-106.89997
1349.42	32.945002	-106.89997
1349.61	32.945002	-106.89997
1349.81	32.945002	-106.89997
1350.02	32.945003	-106.89997
1350.22	32.945003	-106.89997
1350.42	32.945003	-106.89997
1350.61	32.945003	-106.89997
1350.82	32.945003	-106.89997
1351.03	32.945002	-106.89997
1351.22	32.945002	-106.89997
1351.42	32.945002	-106.89997
1351.62	32.945002	-106.89997
1351.82	32.945002	-106.89997
1352.03	32.945002	-106.89997
1352.23	32.945002	-106.89997
1352.43	32.945002	-106.89997
1352.63	32.945002	-106.89997
1352.84	32.945002	-106.89997
1353.04	32.945003	-106.89997
1353.23	32.945003	-106.89997
1353.44	32.945003	-106.89997
1353.64	32.945003	-106.89997
1353.84	32.945003	-106.89997
1354.04	32.945003	-106.89997
1354.23	32.945003	-106.89997
1354.44	32.945003	-106.89997
1354.64	32.945003	-106.89997
1354.84	32.945003	-106.89997
1355.04	32.945003	-106.89997
1355.24	32.945004	-106.89997
1355.44	32.945004	-106.89997
1355.65	32.945004	-106.89997
1355.84	32.945004	-106.89997
1356.04	32.945003	-106.89997
1356.24	32.945003	-106.89997
1356.45	32.945004	-106.89997
1356.65	32.945004	-106.89997
1356.85	32.945004	-106.89997
1357.05	32.945004	-106.89997
1357.25	32.945004	-106.89997
1357.44	32.945004	-106.89997
1357.66	32.945004	-106.89997
1357.85	32.945004	-106.89997