35.3839
39.3889
43.3999
47.4098
51.4228
55.4328
59.4397
63.4537
67.4727
71.4736
75.4836
79.4995
83.5095
87.5244
91.5424
95.5393
99.5523
103.569
107.582
111.589
115.599
119.603
123.618
127.632
131.634
135.649
139.658
143.67
147.69
151.699
155.709
159.721
163.731
167.742
171.755
175.773
179.783
183.797
187.822
191.827
195.839
199.852
203.865
207.873
211.888
215.899
219.909
223.929
227.931
231.941
235.956
239.965
243.977
247.982
251.998
256.004
260.013
264.028
268.042
272.053
276.057
280.079
284.08
288.09
292.113
296.116
300.134
304.136
308.145
312.164
316.181
320.18
324.192
328.207
332.212
336.223
340.237
344.256
348.262
352.276
356.286
360.302
364.307
368.327
372.324
376.337
380.347
384.358
388.378
392.38
396.393
400.403
404.416
408.421
412.439
416.444
420.46
424.467
428.485
432.491
436.507
440.51
444.522
448.538
452.541
456.556
460.576
464.581
468.592
472.608
476.627
480.637
484.648
488.664
492.663
496.678
500.688
504.714
508.715
512.74
516.744
520.749
524.762
528.771
532.771
536.783
540.799
544.811
548.815
552.83
556.836
560.84
564.852
568.858
572.87
576.894
580.899
584.908
588.928
592.926
596.932
600.942
604.956
608.973
612.978
616.986
620.996
625.004
629.02
633.029
637.032
641.042
645.056
649.066
653.075
657.094
661.112
665.113
669.126
673.135
677.149
681.159
685.168
689.172
693.176
697.19
701.201
705.209
709.219
713.23
717.243
721.253
725.26
729.274
733.29
737.304
741.314
745.316
749.33
753.329
757.349
761.348
765.352
769.356
773.367
777.384
781.378
785.388
789.402
793.417
797.43
801.431
805.439
809.447
813.463
817.481
821.481
825.49
829.503
833.514
837.529
841.531
845.537
849.547
853.56
857.573
861.589
865.593
869.6
873.619
877.63
881.635
885.657
889.666
893.678
897.686
901.694
905.704
909.714
913.733
917.737
921.756
925.762
929.765
933.783
937.798
941.812
945.817
949.826
953.84
957.854
961.854
965.868
969.867
973.881
977.896
981.91
985.912
989.929
993.946
997.956
1001.95
1005.96
1009.97
1013.99
1018
1022.01
1026.02
1030.04
1034.05
1038.06
1042.07
1046.07
1050.09
1054.1
1058.12
1062.13
1066.14
1070.14
1074.16
1078.17
1082.18
1086.18
1090.2
1094.22
1098.22
1102.24
1106.24
1110.25
1114.26
1118.27
1122.28
1126.28
1130.3
1134.31
1138.32
1142.33
1146.34
1150.35
1153.96
1154.16
1154.36
1154.56
1154.76
1154.97
1155.16
1155.36
1155.57
1155.77
1155.97
1156.17
1156.37
1156.57
1156.77
1156.97
1157.17
1157.37
1157.56
1157.76
1157.96
1158.17
1158.37
1158.57
1158.77
1158.97
1159.16
1159.37
1159.56
1159.77
1159.97
1160.17
1160.37
1160.57
1160.77
1160.97
1161.17
1161.37
1161.57
1161.78
1161.97
1162.18
1167.19
1167.39
1167.59
1167.79
1167.99
1168.2
1168.39
1168.6
1168.79
1169
1169.19
1169.4
1169.6
1169.8
1170
1170.2
1170.4
1170.6
1170.8
1171
1171.2
1171.4
1171.6
1171.81
1172.01
1172.21
1172.4
1172.6
1172.8
1173.02
1173.21
1173.4
1173.62
1173.81
1174.01
1174.21
1174.42
1174.62
1174.81
1175.01
1175.21
1175.42
1175.62
1175.82
1176.01
1176.21
1176.42
1176.61
1176.82
1177.02
1177.21
1177.41
1177.62
1177.82
1178.02
1178.22
1178.42
1178.62
1178.82
1179.02
1179.22
1179.42
1179.62
1179.82
1180.02
1180.22
1180.42
1180.62
1180.82
1181.02
1181.22
1181.42
1181.61
1181.82
1182.03
1182.22
1182.42
1182.62
1182.82
1183.02
1183.22
1183.42
1183.64
1183.83
1184.03
1184.23
1184.42
1184.63
1184.83
1185.03
1185.23
1185.43
1185.63
1185.82
1186.04
1186.23
1186.43
1186.63
1186.82
1187.03
1187.23
1187.43
1187.63
1187.83
1188.03
1188.23
1188.43
1188.64
1188.83
1189.04
1189.24
1189.44
1189.64
1189.84
1190.04
1190.24
1190.43
1190.64
1190.83
1191.03
1191.24
1191.44
1191.64
1191.84
1192.04
1192.24
1192.44
1192.63
1192.84
1193.04
1193.25
1193.45
1193.64
1193.85
1194.04
1194.25
1194.45
1194.66
1194.85
1195.05
1195.25
1195.45
1195.66
1195.86
1196.05
1196.26
1196.46
1196.66
1196.85
1197.07
1197.26
1197.46
1197.67
1197.87
1198.07
1198.26
1198.47
1198.67
1198.87
1199.07
1199.26
1199.47
1199.66
1199.87
1200.07
1200.28
1200.47
1200.67
1200.87
1201.07
1201.28
1201.47
1201.68
1201.88
1202.08
1202.27
1202.47
1202.68
1202.88
1203.07
1203.28
1203.48
1203.68
1203.88
1204.08
1204.28
1204.48
1204.68
1204.88
1205.07
1205.29
1205.49
1205.69
1205.89
1206.09
1206.28
1206.49
1206.69
1206.88
1207.08
1207.29
1207.49
1207.69
1207.89
1208.09
1208.29
1208.49
1208.69
1208.89
1209.1
1209.3
1209.5
1209.69
1209.9
1210.1
1210.29
1210.5
1210.7
1210.9
1211.1
1211.3
1211.51
1211.7
1211.91
1212.1
1212.31
1212.5
1212.7
1212.91
1213.11
1213.31
1213.51
1213.71
1213.91
1214.11
1214.31
1214.51
1214.71
1214.91
1215.11
1215.31
1215.52
1215.71
1215.91
1216.12
1216.31
1216.51
1216.72
1216.91
1217.12
1217.33
1217.52
1217.72
1217.92
1218.12
1218.32
1218.52
1218.72
1218.92
1219.12
1219.32
1219.52
1219.73
1219.93
1220.13
1220.32
1220.53
1220.73
1220.93
1221.13
1221.33
1221.53
1221.73
1221.93
1222.13
1222.34
1222.53
1222.74
1222.94
1223.13
1223.34
1223.54
1223.74
1223.94
1224.13
1224.34
1224.54
1224.73
1224.95
1225.14
1225.34
1225.54
1225.74
1225.94
1226.15
1226.35
1226.54
1226.75
1226.95
1227.15
1227.34
1227.55
1227.75
1227.95
1228.16
1228.35
1228.55
1228.75
1228.96
1229.15
1229.36
1229.56
1229.76
1229.95
1230.16
1230.36
1230.55
1230.75
1230.96
1231.16
1231.36
1231.56
1231.76
1231.96
1232.16
1232.36
1232.56
1232.76
1232.96
1233.16
1233.36
1233.57
1233.77
1233.96
1234.16
1234.37
1234.57
1234.77
1234.97
1235.17
1235.36
1235.57
1235.78
1235.97
1236.17
1236.37
1236.58
1236.78
1236.97
1237.18
1237.38
1237.58
1237.79
1237.98
1238.18
1238.38
1238.58
1238.78
1238.98
1239.18
1239.38
1239.58
1239.78
1239.99
1240.19
1240.39
1240.58
1240.79
1240.99
1241.18
1241.39
1241.59
1241.79
1241.99
1242.2
1242.4
1242.59
1242.8
1243
1243.2
1243.4
1243.6
1243.8
1244
1244.2
1244.4
1244.6
1244.81
1245.01
1245.21
1245.41
1245.61
1245.81
1246.01
1246.21
1246.41
1246.61
1246.81
1247.01
1247.22
1247.42
1247.61
1247.82
1248.02
1248.23
1248.43
1248.62
1248.82
1249.02
1249.22
1249.42
1249.63
1249.82
1250.03
1250.22
1250.43
1250.62
1250.82
1251.03
1251.23
1251.43
1251.63
1251.83
1252.04
1252.23
1252.43
1252.63
1252.83
1253.03
1253.24
1253.43
1253.64
1253.84
1254.04
1254.24
1254.44
1254.64
1254.84
1255.04
1255.24
1255.45
1255.64
1255.84
1256.04
1256.24
1256.44
1256.64
1256.84
1257.05
1257.25
1257.45
1257.65
1257.84
1258.04
1258.25
1258.44
1258.65
1258.84
1259.04
1259.25
1259.46
1259.65
1259.86
1260.05
1260.26
1260.45
1260.66
1260.85
1261.07
1261.26
1261.45
1261.66
1261.85
1262.05
1262.26
1262.46
1262.66
1262.87
1263.06
1263.26
1263.46
1263.66
1263.86
1264.06
1264.27
1264.46
1264.67
1264.87
1265.07
1265.27
1265.47
1265.67
1265.87
1266.07
1266.28
1266.48
1266.68
1266.88
1267.08
1267.27
1267.47
1267.68
1267.88
1268.08
1268.28
1268.49
1268.68
1268.89
1269.09
1269.29
1269.49
1269.69
1269.89
1270.09
1270.29
1270.5
1270.69
1270.89
1271.09
1271.29
1271.49
1271.69
1271.89
1272.1
1272.29
1272.5
1272.7
1272.89
1273.1
1273.29
1273.5
1273.7
1273.9
1274.1
1274.3
1274.5
1274.7
1274.9
1275.11
1275.3
1275.5
1275.7
1275.91
1276.11
1276.31
1276.51
1276.71
1276.92
1277.11
1277.31
1277.51
1277.72
1277.92
1278.11
1278.32
1278.51
1278.73
1278.93
1279.11
1279.32
1279.52
1279.73
1279.92
1280.13
1280.32
1280.53
1280.73
1280.94
1281.13
1281.33
1281.53
1281.73
1281.93
1282.13
1282.33
1282.53
1282.73
1282.93
1283.13
1283.34
1283.54
1283.75
1283.93
1284.14
1284.34
1284.53
1284.74
1284.94
1285.14
1285.34
1285.54
1285.75
1285.94
1286.14
1286.35
1286.55
1286.74
1286.94
1287.15
1287.34
1287.55
1287.75
1287.96
1288.14
1288.35
1288.56
1288.76
1288.96
1289.16
1289.36
1289.55
1289.76
1289.96
1290.16
1290.36
1290.56
1290.76
1290.96
1291.16
1291.37
1291.57
1291.77
1291.98
1292.18
1292.37
1292.57
1292.78
1292.97
1293.17
1293.37
1293.58
1293.78
1293.98
1294.18
1294.38
1294.59
1294.78
1294.98
1295.18
1295.39
1295.58
1295.79
1295.99
1296.18
1296.39
1296.59
1296.8
1296.99
1297.2
1297.4
1297.6
1297.79
1297.99
1298.19
1298.39
1298.59
1298.8
1298.99
1299.2
1299.4
1299.6
1299.8
1300
1300.21
1300.41
1300.61
1300.82
1301.01
1301.23
1301.41
1301.61
1301.81
1302.02
1302.21
1302.41
1302.61
1302.82
1303.02
1303.21
1303.42
1303.62
1303.82
1304.02
1304.22
1304.42
1304.61
1304.82
1305.02
1305.23
1305.42
1305.63
1305.83
1306.03
1306.22
1306.43
1306.64
1306.83
1307.03
1307.23
1307.43
1307.62
1307.83
1308.03
1308.23
1308.44
1308.64
1308.83
1309.03
1309.23
1309.45
1309.64
1309.84
1310.04
1310.24
1310.44
1310.65
1310.84
1311.05
1311.24
1311.45
1311.65
1311.85
1312.05
1312.25
1312.45
1312.65
1312.85
1313.05
1313.25
1313.45
1313.66
1313.85
1314.06
1314.26
1314.46
1314.67
1314.87
1315.08
1315.27
1315.47
1315.67
1315.86
1316.07
1316.27
1316.48
1316.68
1316.88
1317.07
1317.28
1317.47
1317.69
1317.87
1318.08
1318.28
1318.49
1318.68
1318.89
1319.08
1319.29
1319.48
1319.69
1319.88
1320.09
1320.29
1320.49
1320.69
1320.89
1321.09
1321.29
1321.5
1321.7
1321.9
1322.1
1322.3
1322.49
1322.7
1322.89
1323.1
1323.3
1323.49
1323.7
1323.9
1324.1
1324.3
1324.5
1324.71
1324.91
1325.11
1325.31
1325.5
1325.71
1325.91
1326.12
1326.31
1326.51
1326.72
1326.91
1327.11
1327.32
1327.51
1327.73
1327.93
1328.12
1328.33
1328.52
1328.72
1328.93
1329.12
1329.33
1329.53
1329.72
1329.93
1330.13
1330.33
1330.53
1330.73
1330.93
1331.12
1331.33
1331.53
1331.73
1331.93
1332.14
1332.33
1332.53
1332.74
1332.94
1333.14
1333.35
1333.55
1333.74
1333.94
1334.14
1334.35
1334.55
1334.74
1334.95
1335.15
1335.35
1335.55
1335.76
1335.95
1336.15
1336.36
1336.56
1336.76
1336.96
1337.16
1337.36
1337.56
1337.76
1337.97
1338.16
1338.37
1338.56
1338.77
1338.96
1339.17
1339.37
1339.57
1339.77
1339.97
1340.19
1340.38
1340.57
1340.78
1340.99
1341.19
1341.39
1341.58
1341.78
1341.98
1342.19
1342.39
1342.58
1342.79
1342.99
1343.19
1343.4
1343.59
1343.79
1344
1344.19
1344.4
1344.59
1344.79
1344.99
1345.19
1345.39
1345.6
1345.8
1346.01
1346.19
1346.4
1346.59
1346.8
1347
1347.19
1347.39
1347.6
1347.79
1348.01
1348.21
1348.4
1348.61
1348.81
1349.01
1349.22
1349.42
1349.61
1349.81
1350.02
1350.22
1350.42
1350.61
1350.82
1351.03
1351.22
1351.42
1351.62
1351.82
1352.03
1352.23
1352.43
1352.63
1352.84
1353.04
1353.23
1353.44
1353.64
1353.84
1354.04
1354.23
1354.44
1354.64
1354.84
1355.04
1355.24
1355.44
1355.65
1355.84
1356.04
1356.24
1356.45
1356.65
1356.85
1357.05
1357.25
1357.44
1357.66
1357.85