32.94263
32.94262
32.942641
32.942662
32.942674
32.942686
32.942692
32.942701
32.942706
32.942707
32.942709
32.942712
32.942713
32.942714
32.942716
32.942717
32.942719
32.94272
32.942721
32.942723
32.942726
32.942727
32.94273
32.942732
32.942733
32.942735
32.942735
32.942734
32.942733
32.942733
32.942732
32.942732
32.942731
32.942731
32.94273
32.942729
32.942729
32.942727
32.942726
32.942725
32.942724
32.942723
32.942723
32.942723
32.942722
32.942722
32.942723
32.942724
32.942725
32.942727
32.942729
32.94273
32.942732
32.942733
32.942734
32.942735
32.942736
32.942736
32.942736
32.942734
32.942733
32.942733
32.942732
32.942732
32.942733
32.942734
32.942735
32.942736
32.942737
32.942738
32.942738
32.942738
32.942738
32.942737
32.942736
32.942735
32.942734
32.942733
32.942732
32.942731
32.942731
32.94273
32.94273
32.942729
32.94273
32.94273
32.94273
32.94273
32.942731
32.942731
32.94273
32.942729
32.942728
32.942727
32.942726
32.942724
32.942723
32.942724
32.942722
32.942722
32.942721
32.942721
32.942722
32.942722
32.942722
32.942723
32.942724
32.942725
32.942727
32.942728
32.942728
32.942727
32.942727
32.942728
32.942728
32.942729
32.942728
32.942728
32.942728
32.942726
32.942726
32.942726
32.942726
32.942727
32.942727
32.942728
32.942728
32.942727
32.942726
32.942725
32.942726
32.942725
32.942725
32.942725
32.942724
32.942725
32.942726
32.942727
32.942729
32.94273
32.942731
32.942732
32.942733
32.942732
32.942733
32.942733
32.94273
32.942727
32.942727
32.942725
32.942725
32.942724
32.942723
32.942723
32.942723
32.942723
32.942723
32.942723
32.942721
32.942721
32.942721
32.942721
32.94272
32.94272
32.94272
32.94272
32.94272
32.942719
32.942719
32.942718
32.942717
32.942716
32.942715
32.942714
32.942712
32.942711
32.94271
32.942708
32.942707
32.942706
32.942704
32.942704
32.942702
32.942702
32.942702
32.942702
32.942702
32.942703
32.942703
32.942704
32.942705
32.942706
32.942706
32.942707
32.942708
32.94271
32.942712
32.942714
32.942714
32.942715
32.942716
32.942717
32.942717
32.942718
32.942717
32.942717
32.942717
32.942716
32.942715
32.942714
32.942714
32.942715
32.942715
32.942714
32.942712
32.942711
32.94271
32.942709
32.94271
32.942711
32.942714
32.942716
32.942718
32.942718
32.942718
32.942718
32.942718
32.942718
32.942723
32.942722
32.942721
32.94272
32.942719
32.942718
32.942715
32.942712
32.94271
32.942711
32.942714
32.942717
32.942717
32.942717
32.942718
32.942718
32.942717
32.942718
32.942718
32.942719
32.942718
32.942718
32.942719
32.942718
32.942718
32.942717
32.942716
32.942715
32.942714
32.942715
32.942715
32.942714
32.942715
32.942716
32.942717
32.942718
32.942719
32.942718
32.942719
32.942718
32.942718
32.942717
32.942717
32.942717
32.942716
32.942714
32.942713
32.942711
32.94271
32.94271
32.942711
32.942711
32.942711
32.942711
32.942709
32.942701
32.942686
32.942661
32.942638
32.942626
32.942627
32.94264
32.942655
32.942639
32.94259
32.94252
32.942434
32.942344
32.942248
32.942146
32.942038
32.941923
32.941806
32.941689
32.941562
32.941424
32.941279
32.941133
32.940984
32.940839
32.940694
32.940688
32.940568
32.940444
32.940313
32.940168
32.940031
32.939892
32.940292
32.940558
32.940637
32.940766
32.940953
32.947038
32.947099
32.947154
32.947221
32.947301
32.947393
32.947522
32.94768
32.947799
32.947917
32.948032
32.948155
32.948311
32.948482
32.948631
32.948764
32.948898
32.949021
32.94914
32.949255
32.949364
32.949474
32.94957
32.949775
32.949899
32.949997
32.950079
32.95016
32.950241
32.950321
32.950401
32.950479
32.950557
32.950634
32.95071
32.950786
32.950861
32.950936
32.95101
32.951083
32.951158
32.951232
32.951306
32.95138
32.951455
32.951529
32.951604
32.951679
32.951752
32.951825
32.951897
32.951968
32.952038
32.952108
32.952178
32.952246
32.952313
32.952383
32.952454
32.952526
32.952599
32.952676
32.95275
32.952825
32.952899
32.952972
32.953045
32.953117
32.953189
32.953261
32.953333
32.953404
32.953475
32.953545
32.953613
32.953681
32.95375
32.953818
32.953886
32.953954
32.954022
32.954088
32.954154
32.95422
32.954285
32.954348
32.954408
32.954465
32.954519
32.954566
32.954608
32.954645
32.954679
32.954709
32.954734
32.954758
32.954778
32.95479
32.954801
32.954812
32.954819
32.954824
32.95483
32.954837
32.95484
32.95484
32.954842
32.954845
32.954846
32.954842
32.954838
32.954834
32.954828
32.954821
32.954816
32.95481
32.954807
32.954804
32.954797
32.954788
32.954779
32.954771
32.954763
32.954752
32.954741
32.954732
32.954722
32.95471
32.954697
32.954684
32.954674
32.954664
32.954653
32.954641
32.954628
32.954617
32.954606
32.954595
32.954582
32.954569
32.954556
32.954541
32.954527
32.954513
32.954499
32.954486
32.954473
32.95446
32.954448
32.954434
32.95442
32.954406
32.95439
32.954374
32.95436
32.954346
32.954331
32.954313
32.954296
32.954282
32.954269
32.954256
32.95424
32.954225
32.954212
32.954197
32.954181
32.954163
32.954147
32.954135
32.954121
32.954103
32.954086
32.954073
32.95406
32.954043
32.954025
32.954012
32.954
32.953984
32.953965
32.953951
32.953939
32.953922
32.953904
32.953893
32.95388
32.953862
32.953851
32.953842
32.953828
32.953812
32.9538
32.953792
32.953781
32.953766
32.953755
32.953744
32.953733
32.953721
32.953706
32.953691
32.953678
32.953666
32.953653
32.953641
32.95363
32.953618
32.953607
32.953597
32.953587
32.953575
32.953562
32.953549
32.953535
32.953521
32.953508
32.953495
32.953483
32.953469
32.953456
32.953445
32.953433
32.953419
32.953403
32.953386
32.953372
32.953359
32.953345
32.953329
32.953313
32.953299
32.953286
32.953271
32.953258
32.953246
32.953234
32.953218
32.953201
32.953188
32.953176
32.953165
32.953153
32.953143
32.953131
32.953116
32.953103
32.953092
32.953083
32.953074
32.953063
32.953053
32.953043
32.953029
32.953015
32.953
32.952987
32.952976
32.952965
32.952953
32.952937
32.952921
32.952907
32.952895
32.952882
32.95287
32.95286
32.952847
32.952832
32.952816
32.952803
32.952791
32.952781
32.952768
32.952753
32.952739
32.952727
32.952717
32.952706
32.952696
32.952683
32.952671
32.95266
32.952651
32.952642
32.952631
32.952619
32.952606
32.952594
32.952583
32.952574
32.952567
32.952561
32.952553
32.952545
32.952537
32.952528
32.952517
32.952504
32.95249
32.952475
32.952461
32.952447
32.952434
32.952422
32.952408
32.952395
32.952382
32.952367
32.952353
32.952341
32.952327
32.952314
32.952298
32.952283
32.95227
32.952257
32.952246
32.952236
32.952224
32.952213
32.952202
32.95219
32.95218
32.95217
32.952162
32.952154
32.952143
32.952131
32.952117
32.952105
32.952096
32.952083
32.952065
32.952051
32.952042
32.952033
32.952024
32.952013
32.951998
32.951984
32.951972
32.95196
32.951947
32.951935
32.951926
32.951917
32.951907
32.951897
32.951888
32.95188
32.951873
32.951867
32.95186
32.951853
32.951844
32.951836
32.951828
32.951822
32.951818
32.951811
32.951801
32.95179
32.951781
32.951774
32.951765
32.951757
32.951749
32.951743
32.951737
32.951731
32.951723
32.951714
32.951704
32.951696
32.951691
32.951686
32.951681
32.951675
32.95167
32.951664
32.951658
32.951652
32.951647
32.951641
32.951635
32.951629
32.951623
32.951617
32.951611
32.951603
32.951595
32.951587
32.951582
32.951576
32.95157
32.951561
32.951552
32.951544
32.951537
32.95153
32.951522
32.951515
32.951508
32.9515
32.951492
32.951483
32.951474
32.951468
32.951461
32.951455
32.951448
32.951441
32.951434
32.951426
32.951418
32.95141
32.951404
32.951399
32.951394
32.951386
32.951378
32.95137
32.951362
32.951355
32.951346
32.951333
32.951323
32.951315
32.951305
32.951294
32.951283
32.951273
32.951267
32.951258
32.951248
32.951235
32.951224
32.951215
32.951207
32.9512
32.951191
32.95118
32.951168
32.951158
32.951153
32.951147
32.95114
32.951131
32.951121
32.951115
32.95111
32.951103
32.951094
32.951086
32.951082
32.951078
32.951073
32.951066
32.951058
32.951049
32.951041
32.951032
32.951022
32.951013
32.951005
32.950995
32.950985
32.950974
32.950964
32.950955
32.950947
32.950938
32.950929
32.950919
32.950909
32.950899
32.950889
32.950879
32.950869
32.95086
32.950852
32.950844
32.950836
32.950826
32.950814
32.950803
32.950793
32.950784
32.950773
32.950762
32.95075
32.950739
32.950728
32.950718
32.95071
32.950701
32.950692
32.950683
32.950673
32.950662
32.950653
32.950643
32.950634
32.950625
32.950616
32.950606
32.950596
32.950585
32.950577
32.950569
32.950558
32.950546
32.950536
32.950528
32.95052
32.950514
32.950508
32.950501
32.950492
32.950483
32.950477
32.950472
32.950466
32.950458
32.950447
32.95044
32.950434
32.950426
32.950414
32.950402
32.950388
32.950375
32.950363
32.950352
32.950339
32.950325
32.950311
32.950297
32.950284
32.950272
32.950262
32.950249
32.950237
32.950228
32.950219
32.950211
32.950201
32.950189
32.950178
32.950168
32.950159
32.950148
32.950134
32.95012
32.950108
32.950094
32.950079
32.950065
32.95005
32.950036
32.950021
32.950006
32.94999
32.949974
32.949957
32.949939
32.949921
32.949904
32.949889
32.949874
32.949856
32.949837
32.949814
32.949788
32.949765
32.949744
32.949724
32.949706
32.949687
32.949669
32.949651
32.949632
32.949613
32.949595
32.949578
32.949561
32.949544
32.949527
32.949509
32.949494
32.949479
32.949465
32.949449
32.949434
32.949419
32.949405
32.949389
32.949373
32.949356
32.949337
32.949319
32.949303
32.949286
32.949271
32.949258
32.949246
32.949234
32.949224
32.949214
32.949205
32.949196
32.949187
32.949179
32.94917
32.949161
32.949151
32.949141
32.949131
32.94912
32.94911
32.949098
32.949087
32.949075
32.949063
32.949052
32.94904
32.949029
32.949018
32.949007
32.948996
32.948986
32.948976
32.948966
32.948957
32.948948
32.94894
32.948932
32.948924
32.948916
32.948907
32.948899
32.948891
32.948883
32.948875
32.948868
32.948861
32.948853
32.948845
32.948837
32.94883
32.948823
32.948816
32.948809
32.948803
32.948796
32.948788
32.94878
32.948773
32.948766
32.948759
32.948751
32.948743
32.948734
32.948725
32.948715
32.948707
32.948699
32.94869
32.94868
32.94867
32.94866
32.948649
32.948639
32.94863
32.94862
32.94861
32.9486
32.948591
32.948581
32.948572
32.948562
32.948553
32.948544
32.948536
32.948529
32.948522
32.948515
32.948508
32.948501
32.948495
32.948489
32.948484
32.948478
32.948472
32.948464
32.948456
32.948448
32.948439
32.94843
32.948421
32.948413
32.948403
32.948392
32.94838
32.948367
32.948354
32.948339
32.948325
32.948309
32.948294
32.948277
32.94826
32.948244
32.948229
32.948214
32.948198
32.948182
32.948168
32.948152
32.948136
32.94812
32.948102
32.948082
32.948064
32.948047
32.948027
32.948007
32.947986
32.947965
32.947943
32.947921
32.947899
32.947877
32.947855
32.947833
32.94781
32.947787
32.947763
32.947739
32.947714
32.94769
32.947666
32.947641
32.947616
32.947591
32.947568
32.947544
32.947521
32.947497
32.947474
32.947452
32.947429
32.947406
32.947384
32.947363
32.947342
32.94732
32.947299
32.947277
32.947253
32.947229
32.947205
32.947183
32.947158
32.947134
32.94711
32.947085
32.947062
32.94704
32.947017
32.946994
32.946973
32.946953
32.946932
32.946913
32.946892
32.946873
32.946853
32.946834
32.946815
32.946797
32.94678
32.946763
32.946746
32.946731
32.946716
32.946701
32.946687
32.946674
32.946659
32.946645
32.946632
32.946619
32.946606
32.946593
32.946579
32.946566
32.946555
32.946543
32.946532
32.94652
32.946508
32.946497
32.946486
32.946477
32.946468
32.946459
32.946448
32.946437
32.946426
32.946415
32.946404
32.946393
32.946381
32.946369
32.946357
32.946343
32.94633
32.946316
32.946303
32.946289
32.946276
32.946264
32.946251
32.946238
32.946224
32.946209
32.946193
32.946177
32.946161
32.946143
32.946125
32.946105
32.946084
32.946062
32.946039
32.946016
32.945992
32.945968
32.945943
32.945918
32.945896
32.945871
32.945848
32.945824
32.9458
32.945777
32.945755
32.945734
32.945712
32.945689
32.945666
32.945645
32.945622
32.945602
32.94558
32.945559
32.945539
32.945519
32.945499
32.94548
32.94546
32.945439
32.945419
32.945399
32.94538
32.945361
32.945343
32.945326
32.945308
32.945291
32.945276
32.945262
32.945248
32.945234
32.945221
32.945209
32.945198
32.945186
32.945175
32.945163
32.945152
32.94514
32.945128
32.945114
32.9451
32.945087
32.945074
32.945061
32.945049
32.945038
32.945027
32.945016
32.945008
32.945003
32.945003
32.945003
32.945004
32.945004
32.945004
32.945004
32.945004
32.945003
32.945003
32.945003
32.945002
32.945002
32.945002
32.945002
32.945002
32.945003
32.945003
32.945003
32.945003
32.945003
32.945002
32.945002
32.945002
32.945002
32.945002
32.945002
32.945002
32.945002
32.945002
32.945002
32.945003
32.945003
32.945003
32.945003
32.945003
32.945003
32.945003
32.945003
32.945003
32.945003
32.945003
32.945004
32.945004
32.945004
32.945004
32.945003
32.945003
32.945004
32.945004
32.945004
32.945004
32.945004
32.945004
32.945004
32.945004