S,0.85,-128.71,1004.91,140.00,-490.00,70.00,1005.24,45.4583817,-73.4328384,00,04,50,E
S,0.92,-128.71,1004.91,140.00,-490.00,70.00,1005.24,45.4583817,-73.4328384,00,05,08,E
S,0.92,-128.77,1004.98,140.00,-490.00,70.00,1005.26,45.4583817,-73.4328384,00,05,08,E
S,0.92,-128.83,1004.91,140.00,-490.00,70.00,1005.23,45.4583817,-73.4328384,00,05,09,E
S,0.98,-128.83,1004.91,140.00,-490.00,70.00,1005.26,45.4583817,-73.4328384,00,05,10,E
S,0.85,-128.83,1004.98,140.00,-490.00,70.00,1005.23,45.4583740,-73.4328384,00,05,12,E
S,0.79,-128.83,1004.98,140.00,-490.00,0.00,1005.26,45.4583740,-73.4328384,00,05,12,E
S,0.85,-128.83,1005.04,140.00,-490.00,70.00,1005.27,45.4583740,-73.4328384,00,05,13,E
S,0.92,-128.83,1005.04,140.00,-490.00,70.00,1005.26,45.4583740,-73.4328384,00,05,14,E
S,0.98,-128.83,1005.04,140.00,-490.00,70.00,1005.24,45.4583817,-73.4328308,00,05,15,E
S,1.10,-128.65,1004.91,140.00,-490.00,70.00,1005.28,45.4583817,-73.4328308,00,05,24,E
S,1.10,-128.71,1004.79,140.00,-490.00,70.00,1005.27,45.4583817,-73.4328308,00,05,25,E
S,1.04,-128.71,1004.85,140.00,-490.00,0.00,1005.26,45.4583817,-73.4328308,00,05,26,E
S,1.10,-128.71,1004.79,140.00,-490.00,70.00,1005.25,45.4583817,-73.4328308,00,05,28,E
S,0.98,-128.71,1004.85,140.00,-490.00,70.00,1005.30,45.4583817,-73.4328308,00,05,29,E
S,0.98,-128.71,1004.85,140.00,-490.00,70.00,1005.25,45.4583817,-73.4328308,00,05,30,E

S,1.10,-128.71,1004.91,140.00,-490.00,70.00,1005.24,45.4583817,-73.4328308,00,05,31,E
S,1.04,-128.65,1004.98,140.00,-490.00,70.00,1005.26,45.4583817,-73.4328308,00,05,32,E
S,0.98,-128.59,1004.91,140.00,-490.00,0.00,1005.26,45.4583817,-73.4328308,00,05,33,E
S,0.98,-128.65,1004.91,140.00,-490.00,70.00,1005.25,45.4583817,-73.4328308,00,05,34,E
S,1.04,-128.65,1004.85,140.00,-490.00,70.00,1005.24,45.4583817,-73.4328308,00,05,36,E
S,0.98,-128.65,1004.91,140.00,-490.00,70.00,1005.22,45.4583817,-73.4328308,00,05,37,E
S,0.98,-128.65,1004.79,140.00,-490.00,70.00,1005.23,45.4583817,-73.4328308,00,05,38,E
S,1.10,-128.59,1004.91,140.00,-490.00,70.00,1005.24,45.4583817,-73.4328308,00,05,39,E
S,1.10,-128.71,1004.98,140.00,-490.00,70.00,1005.25,45.4583817,-73.4328308,00,05,40,E
S,0.98,-128.65,1004.91,140.00,-490.00,70.00,1005.22,45.4583817,-73.4328308,00,05,41,E
S,1.04,-128.65,1005.04,140.00,-490.00,70.00,1005.24,45.4583817,-73.4328308,00,05,42,E
S,1.10,-128.59,1005.04,140.00,-490.00,70.00,1005.23,45.4583817,-73.4328308,00,05,44,E
S,0.98,-128.71,1005.04,140.00,-490.00,70.00,1005.26,45.4583817,-73.4328308,00,05,45,E
S,0.85,-128.65,1005.04,140.00,-490.00,70.00,1005.27,45.4583817,-73.4328308,00,05,46,E
S,0.98,-128.65,1004.91,140.00,-490.00,0.00,1005.24,45.4583817,-73.4328308,00,05,47,E
S,0.98,-128.65,1004.98,140.00,-490.00,70.00,1005.23,45.4583817,-73.4328308,00,05,48,E
S,0.85,-128.71,1004.98,140.00,-490.00,70.00,1005.27,45.4583817,-73.4328308,00,05,49,E
S,0.92,-128.71,1004.98,140.00,-490.00,0.00,1005.23,45.4583817,-73.4328308,00,05,50,E
S,0.92,-128.77,1004.91,140.00,-490.00,70.00,1005.24,45.4583817,-73.4328308,00,05,52,E
S,0.92,-128.71,1004.91,140.00,-490.00,70.00,1005.26,45.4583817,-73.4328308,00,05,53,E
S,0.98,-128.71,1005.04,140.00,-490.00,70.00,1005.24,45.4583817,-73.4328308,00,05,54,E
S,1.10,-128.65,1004.91,140.00,-490.00,70.00,1005.25,45.4583817,-73.4328308,00,05,55,E
S,1.10,-128.65,1004.79,140.00,-490.00,70.00,1005.29,45.4583817,-73.4328308,00,05,56,E
S,1.10,-128.59,1004.79,140.00,-490.00,70.00,1005.28,45.4583817,-73.4328308,00,05,57,E
S,1.10,-128.59,1004.79,140.00,-490.00,70.00,1005.24,45.4583817,-73.4328308,00,05,58,E
S,1.10,-128.59,1004.79,140.00,-490.00,70.00,1005.24,45.4583817,-73.4328308,00,06,00,E
S,1.10,-128.59,1004.79,140.00,-490.00,70.00,1005.26,45.4583817,-73.4328308,00,06,01,E
S,1.10,-128.59,1004.79,140.00,-490.00,70.00,1005.26,45.4583817,-73.4328308,00,06,02,E
S,1.16,-128.59,1004.79,140.00,-490.00,70.00,1005.23,45.4583817,-73.4328308,00,06,03,E
S,1.10,-128.59,1004.91,140.00,-490.00,0.00,1005.25,45.4583817,-73.4328308,00,06,04,E
S,1.10,-128.59,1004.91,140.00,-490.00,70.00,1005.22,45.4583817,-73.4328308,00,06,05,E
S,1.10,-128.59,1004.91,140.00,-490.00,70.00,1005.24,45.4583817,-73.4328308,00,06,06,E
S,1.10,-128.59,1004.79,140.00,-490.00,70.00,1005.24,45.4583817,-73.4328308,00,06,08,E
S,1.10,-128.53,1004.79,140.00,-490.00,70.00,1005.22,45.4583817,-73.4328308,00,06,09,E
S,1.10,-128.59,1004.85,140.00,-490.00,70.00,1005.24,45.4583817,-73.4328308,00,06,10,E
S,1.10,-128.59,1004.85,140.00,-490.00,70.00,1005.28,45.4583817,-73.4328308,00,06,11,E
S,0.98,-128.59,1004.79,140.00,-490.00,70.00,1005.24,45.4583817,-73.4328308,00,06,12,E
S,1.04,-128.65,1004.79,140.00,-490.00,70.00,1005.21,45.4583817,-73.4328308,00,06,13,E
S,0.98,-128.59,1004.79,140.00,-490.00,70.00,1005.24,45.4583817,-73.4328308,00,06,14,E
S,0.98,-128.71,1004.85,140.00,-490.00,70.00,1005.24,45.4583817,-73.4328308,00,06,16,E
S,0.98,-128.71,1004.79,140.00,-490.00,70.00,1005.25,45.4583817,-73.4328308,00,06,17,E
S,1.04,-128.71,1004.91,140.00,-490.00,70.00,1005.25,45.4583817,-73.4328308,00,06,18,E
S,0.92,-128.71,1004.91,70.00,-490.00,70.00,1005.27,45.4583817,-73.4328308,00,06,19,E
S,0.61,-128.59,1004.85,210.00,-490.00,210.00,1005.25,45.4583817,-73.4328308,00,06,20,E
S,-0.18,-129.20,1004.79,210.00,-1330.00,7840.00,1005.23,45.4583817,-73.4328308,00,06,21,E
S,2.26,-126.94,1005.04,560.00,-350.00,-770.00,1005.24,45.4583817,-73.4328308,00,06,22,E
S,0.06,-130.11,1004.73,-210.00,-210.00,-2310.00,1005.24,45.4583817,-73.4328308,00,06,24,E
S,0.37,-132.74,1004.43,140.00,-980.00,4130.00,1005.27,45.4583817,-73.4328308,00,06,25,E
S,1.10,-129.20,1004.79,0.00,210.00,-6020.00,1005.24,45.4583817,-73.4328308,00,06,26,E
S,1.22,-128.65,1004.91,140.00,-490.00,70.00,1005.22,45.4583817,-73.4328308,00,06,27,E
S,1.04,-128.40,1004.91,140.00,-490.00,70.00,1005.25,45.4583817,-73.4328308,00,06,28,E
S,0.98,-128.28,1004.91,140.00,-490.00,70.00,1005.26,45.4583817,-73.4328308,00,06,29,E
S,1.04,-128.22,1004.91,140.00,-490.00,70.00,1005.25,45.4583817,-73.4328308,00,06,30,E
S,0.98,-128.16,1004.91,140.00,-490.00,0.00,1005.22,45.4583817,-73.4328308,00,06,32,E
S,0.98,-128.10,1004.91,140.00,-490.00,0.00,1005.23,45.4583817,-73.4328308,00,06,33,E
S,0.98,-128.04,1005.04,140.00,-490.00,70.00,1005.24,45.4583817,-73.4328308,00,06,34,E
S,0.98,-128.04,1005.04,140.00,-490.00,70.00,1005.25,45.4583817,-73.4328308,00,06,35,E
S,0.98,-128.10,1005.10,140.00,-490.00,70.00,1005.26,45.4583817,-73.4328308,00,06,36,E
S,1.10,-128.04,1005.04,140.00,-490.00,0.00,1005.24,45.4583817,-73.4328308,00,06,37,E
S,1.10,-128.10,1004.91,140.00,-490.00,70.00,1005.25,45.4583817,-73.4328308,00,06,38,E
S,1.10,-128.04,1004.91,140.00,-490.00,70.00,1005.28,45.4583817,-73.4328308,00,06,40,E
S,1.10,-128.10,1004.85,140.00,-490.00,70.00,1005.26,45.4583817,-73.4328308,00,06,41,E
S,1.10,-128.10,1004.91,140.00,-490.00,0.00,1005.25,45.4583817,-73.4328308,00,06,42,E
S,1.04,-128.04,1004.91,140.00,-490.00,70.00,1005.25,45.4583817,-73.4328308,00,06,43,E
S,1.10,-128.04,1004.79,140.00,-490.00,70.00,1005.28,45.4583817,-73.4328308,00,06,44,E
S,1.10,-128.10,1004.79,140.00,-490.00,70.00,1005.24,45.4583817,-73.4328308,00,06,45,E
S,1.10,-127.98,1004.85,140.00,-490.00,70.00,1005.25,45.4583817,-73.4328308,00,06,46,E
S,1.10,-127.98,1004.91,140.00,-490.00,70.00,1005.25,45.4583817,-73.4328308,00,06,47,E
S,0.98,-128.04,1004.91,140.00,-490.00,70.00,1005.28,45.4583817,-73.4328308,00,06,48,E
S,1.04,-127.98,1004.91,140.00,-490.00,70.00,1005.24,45.4583817,-73.4328308,00,06,49,E
S,1.04,-128.10,1004.91,140.00,-490.00,70.00,1005.23,45.4583817,-73.4328308,00,06,50,E
S,1.10,-127.98,1004.91,140.00,-490.00,0.00,1005.23,45.4583817,-73.4328308,00,06,51,E
S,1.10,-128.04,1004.91,140.00,-490.00,70.00,1005.25,45.4583817,-73.4328308,00,06,52,E
S,0.98,-128.04,1004.91,140.00,-490.00,70.00,1005.23,45.4583817,-73.4328308,00,06,53,E
S,1.10,-127.98,1004.91,140.00,-490.00,70.00,1005.25,45.4583817,-73.4328308,00,06,54,E
S,1.04,-128.10,1004.91,140.00,-490.00,70.00,1005.24,45.4583817,-73.4328308,00,06,56,E
S,1.04,-127.98,1004.98,140.00,-490.00,70.00,1005.25,45.4583817,-73.4328308,00,06,56,E
S,0.98,-128.04,1004.91,140.00,-490.00,70.00,1005.21,45.4583817,-73.4328308,00,06,57,E
S,0.98,-128.04,1004.91,140.00,-490.00,70.00,1005.24,45.4583817,-73.4328308,00,06,58,E
S,1.04,-128.04,1004.91,140.00,-490.00,70.00,1005.24,45.4583817,-73.4328308,00,06,59,E
S,1.10,-127.98,1004.79,140.00,-490.00,70.00,1005.27,45.4583817,-73.4328308,00,07,00,E
S,1.10,-127.92,1004.91,140.00,-490.00,70.00,1005.26,45.4583817,-73.4328308,00,07,01,E
S,1.16,-127.98,1004.79,140.00,-490.00,70.00,1005.26,45.4583817,-73.4328308,00,07,02,E
S,1.16,-127.98,1004.85,140.00,-490.00,70.00,1005.28,45.4583817,-73.4328308,00,07,02,E
S,1.10,-128.04,1004.85,140.00,-490.00,70.00,1005.27,45.4583817,-73.4328308,00,07,04,E
S,1.10,-128.04,1004.91,140.00,-490.00,70.00,1005.26,45.4583817,-73.4328308,00,07,05,E
S,1.04,-128.04,1004.91,140.00,-490.00,70.00,1005.26,45.4583817,-73.4328308,00,07,06,E
S,1.04,-127.98,1004.79,140.00,-490.00,70.00,1005.28,45.4583817,-73.4328308,00,07,07,E
S,1.04,-128.04,1004.91,210.00,-490.00,70.00,1005.29,45.4583817,-73.4328308,00,07,08,E
S,1.04,-128.04,1004.91,140.00,-490.00,70.00,1005.25,45.4583817,-73.4328308,00,07,09,E
S,1.04,-128.10,1004.98,140.00,-490.00,70.00,1005.27,45.4583817,-73.4328308,00,07,10,E
S,1.04,-128.10,1004.98,140.00,-490.00,0.00,1005.24,45.4583817,-73.4328308,00,07,12,E
S,1.10,-128.10,1004.91,140.00,-490.00,70.00,1005.25,45.4583817,-73.4328308,00,07,12,E
S,1.10,-128.22,1005.04,140.00,-490.00,70.00,1005.27,45.4583817,-73.4328308,00,07,13,E
S,1.10,-128.16,1004.98,140.00,-490.00,70.00,1005.27,45.4583817,-73.4328308,00,07,14,E
S,1.04,-128.22,1004.98,140.00,-420.00,70.00,1005.27,45.4583817,-73.4328308,00,07,15,E
S,0.98,-128.16,1004.98,140.00,-490.00,70.00,1005.27,45.4583817,-73.4328308,00,07,16,E
S,1.04,-128.10,1004.98,140.00,-490.00,0.00,1005.29,45.4583817,-73.4328308,00,07,17,E
S,0.98,-128.10,1004.98,140.00,-490.00,70.00,1005.30,45.4583817,-73.4328308,00,07,18,E
S,0.98,-128.10,1005.04,140.00,-490.00,70.00,1005.27,45.4583817,-73.4328308,00,07,20,E
S,0.98,-128.10,1005.04,140.00,-490.00,70.00,1005.25,45.4583817,-73.4328308,00,07,21,E
S,0.98,-128.22,1004.91,140.00,-490.00,70.00,1005.29,45.4583817,-73.4328308,00,07,22,E
S,1.04,-128.16,1004.98,140.00,-490.00,70.00,1005.27,45.4583817,-73.4328308,00,07,23,E
S,0.98,-128.10,1004.98,140.00,-490.00,70.00,1005.27,45.4583817,-73.4328308,00,07,24,E
S,0.98,-128.16,1004.91,140.00,-490.00,70.00,1005.27,45.4583817,-73.4328308,00,07,25,E
S,1.10,-128.10,1004.91,140.00,-490.00,70.00,1005.29,45.4583817,-73.4328308,00,07,25,E
S,0.98,-128.10,1004.91,140.00,-490.00,70.00,1005.29,45.4583817,-73.4328308,00,07,26,E
S,0.98,-128.10,1004.91,140.00,-490.00,70.00,1005.28,45.4583817,-73.4328308,00,07,28,E
S,1.10,-128.10,1004.91,140.00,-490.00,70.00,1005.29,45.4583817,-73.4328308,00,07,29,E
S,1.10,-128.16,1004.91,140.00,-490.00,70.00,1005.29,45.4583817,-73.4328308,00,07,30,E
S,1.10,-128.16,1004.91,140.00,-490.00,70.00,1005.25,45.4583817,-73.4328308,00,07,31,E
S,1.04,-128.10,1004.91,140.00,-490.00,70.00,1005.28,45.4583817,-73.4328308,00,07,32,E
S,1.04,-128.10,1004.91,140.00,-490.00,0.00,1005.28,45.4583817,-73.4328308,00,07,33,E
S,1.04,-128.10,1004.91,140.00,-490.00,0.00,1005.29,45.4583817,-73.4328308,00,07,34,E
S,1.10,-128.10,1004.98,140.00,-490.00,0.00,1005.28,45.4583817,-73.4328308,00,07,36,E
S,1.10,-128.10,1004.98,140.00,-490.00,70.00,1005.28,45.4583817,-73.4328308,00,07,37,E
S,1.10,-128.10,1004.91,140.00,-490.00,70.00,1005.28,45.4583817,-73.4328308,00,07,38,E
S,1.16,-128.10,1004.85,140.00,-490.00,70.00,1005.23,45.4583817,-73.4328308,00,07,39,E
S,1.16,-128.04,1004.79,140.00,-490.00,70.00,1005.24,45.4583817,-73.4328308,00,07,40,E
S,1.10,-128.10,1004.79,140.00,-420.00,70.00,1005.25,45.4583817,-73.4328308,00,07,41,E
S,1.10,-128.04,1004.79,140.00,-490.00,70.00,1005.25,45.4583817,-73.4328308,00,07,42,E
S,1.10,-127.98,1004.79,140.00,-490.00,70.00,1005.26,45.4583817,-73.4328308,00,07,43,E
S,1.10,-127.98,1004.79,140.00,-490.00,0.00,1005.27,45.4583817,-73.4328308,00,07,44,E
S,1.10,-127.98,1004.79,140.00,-490.00,70.00,1005.32,45.4583817,-73.4328308,00,07,45,E
S,1.10,-128.10,1004.85,140.00,-490.00,70.00,1005.27,45.4583817,-73.4328308,00,07,46,E
S,0.98,-128.10,1004.85,140.00,-490.00,70.00,1005.28,45.4583817,-73.4328308,00,07,47,E
S,1.10,-127.98,1004.79,140.00,-490.00,70.00,1005.27,45.4583817,-73.4328308,00,07,48,E
S,1.10,-127.98,1004.85,140.00,-490.00,70.00,1005.26,45.4583817,-73.4328308,00,07,49,E
S,1.10,-127.98,1004.85,140.00,-490.00,70.00,1005.28,45.4583817,-73.4328308,00,07,50,E
S,1.10,-128.10,1004.79,140.00,-490.00,70.00,1005.26,45.4583817,-73.4328308,00,07,50,E
S,1.10,-128.04,1004.91,140.00,-490.00,70.00,1005.26,45.4583817,-73.4328308,00,07,52,E
S,1.10,-128.10,1004.91,140.00,-490.00,70.00,1005.25,45.4583817,-73.4328308,00,07,53,E
S,1.10,-128.10,1004.91,140.00,-490.00,70.00,1005.27,45.4583817,-73.4328308,00,07,53,E
S,1.04,-128.10,1004.91,140.00,-490.00,70.00,1005.31,45.4583817,-73.4328308,00,07,54,E
S,1.10,-128.10,1004.91,140.00,-490.00,0.00,1005.27,45.4583817,-73.4328308,00,07,55,E
S,1.10,-128.04,1004.91,140.00,-490.00,70.00,1005.27,45.4583817,-73.4328308,00,07,56,E
S,1.16,-127.98,1004.91,140.00,-490.00,70.00,1005.28,45.4583817,-73.4328308,00,07,57,E
S,1.16,-127.98,1004.91,140.00,-490.00,70.00,1005.31,45.4583817,-73.4328308,00,07,58,E
S,1.10,-127.98,1004.91,140.00,-490.00,70.00,1005.26,45.4583817,-73.4328308,00,08,00,E
S,1.16,-127.98,1004.91,140.00,-490.00,70.00,1005.27,45.4583817,-73.4328308,00,08,01,E
S,1.16,-127.98,1004.79,140.00,-490.00,70.00,1005.28,45.4583817,-73.4328308,00,08,02,E
S,1.16,-127.98,1004.85,140.00,-490.00,70.00,1005.28,45.4583817,-73.4328308,00,08,03,E
S,1.10,-127.92,1004.85,140.00,-490.00,70.00,1005.26,45.4583817,-73.4328308,00,08,03,E
S,1.16,-127.92,1004.85,140.00,-490.00,70.00,1005.27,45.4583817,-73.4328308,00,08,04,E
S,1.16,-127.92,1004.91,140.00,-490.00,70.00,1005.27,45.4583817,-73.4328308,00,08,05,E
S,1.22,-127.98,1004.91,210.00,-490.00,70.00,1005.30,45.4583817,-73.4328308,00,08,06,E
S,1.16,-127.98,1004.91,140.00,-490.00,0.00,1005.29,45.4583817,-73.4328308,00,08,08,E
S,1.10,-127.98,1004.79,140.00,-490.00,70.00,1005.25,45.4583817,-73.4328308,00,08,09,E
S,1.10,-127.98,1004.85,140.00,-490.00,0.00,1005.27,45.4583817,-73.4328308,00,08,10,E
S,0.98,-128.04,1004.79,140.00,-490.00,70.00,1005.25,45.4583817,-73.4328308,00,08,11,E
S,0.98,-128.10,1004.91,140.00,-490.00,70.00,1005.28,45.4583817,-73.4328308,00,08,12,E
S,0.98,-128.10,1004.98,140.00,-490.00,70.00,1005.24,45.4583817,-73.4328308,00,08,13,E
S,0.98,-128.16,1005.04,140.00,-490.00,70.00,1005.27,45.4583817,-73.4328308,00,08,14,E
S,0.98,-128.22,1004.98,140.00,-490.00,70.00,1005.25,45.4583817,-73.4328308,00,08,16,E
S,0.85,-128.22,1004.98,140.00,-490.00,70.00,1005.24,45.4583817,-73.4328308,00,08,17,E
S,0.92,-128.10,1005.04,140.00,-490.00,70.00,1005.25,45.4583817,-73.4328308,00,08,18,E
S,0.85,-128.10,1004.91,140.00,-490.00,0.00,1005.27,45.4583817,-73.4328308,00,08,19,E
S,0.98,-128.16,1005.04,140.00,-490.00,70.00,1005.26,45.4583817,-73.4328308,00,08,20,E
S,0.92,-128.16,1004.98,140.00,-490.00,70.00,1005.27,45.4583817,-73.4328308,00,08,21,E
S,0.85,-128.16,1004.98,140.00,-490.00,70.00,1005.27,45.4583817,-73.4328308,00,08,22,E
S,0.85,-128.16,1005.04,140.00,-490.00,0.00,1005.25,45.4583817,-73.4328308,00,08,22,E
S,0.92,-128.10,1005.04,140.00,-490.00,70.00,1005.28,45.4583817,-73.4328308,00,08,24,E
S,0.92,-128.16,1005.04,140.00,-490.00,70.00,1005.24,45.4583817,-73.4328308,00,08,25,E
S,0.98,-128.16,1005.04,140.00,-490.00,70.00,1005.26,45.4583817,-73.4328308,00,08,25,E
S,0.98,-128.10,1005.04,140.00,-490.00,70.00,1005.29,45.4583817,-73.4328308,00,08,26,E
S,0.98,-128.16,1005.04,140.00,-490.00,70.00,1005.27,45.4583817,-73.4328308,00,08,27,E
S,0.98,-128.10,1004.91,140.00,-490.00,70.00,1005.27,45.4583817,-73.4328308,00,08,28,E
S,0.98,-128.10,1004.91,140.00,-490.00,70.00,1005.24,45.4583817,-73.4328308,00,08,29,E
S,0.98,-128.04,1004.91,140.00,-490.00,70.00,1005.28,45.4583817,-73.4328308,00,08,30,E
S,0.98,-128.10,1005.04,140.00,-490.00,70.00,1005.26,45.4583817,-73.4328308,00,08,32,E
S,0.98,-128.10,1005.10,140.00,-490.00,70.00,1005.26,45.4583817,-73.4328308,00,08,33,E
S,0.98,-127.98,1005.04,140.00,-490.00,70.00,1005.30,45.4583817,-73.4328308,00,08,34,E
S,0.98,-128.04,1005.04,140.00,-490.00,70.00,1005.25,45.4583817,-73.4328308,00,08,35,E
S,0.98,-128.10,1005.10,140.00,-490.00,70.00,1005.27,45.4583817,-73.4328308,00,08,36,E
S,0.98,-128.10,1005.04,140.00,-490.00,70.00,1005.29,45.4583817,-73.4328308,00,08,37,E
S,1.04,-128.10,1005.04,140.00,-490.00,70.00,1005.24,45.4583817,-73.4328308,00,08,38,E
S,1.04,-128.10,1004.91,140.00,-490.00,70.00,1005.27,45.4583817,-73.4328308,00,08,40,E
S,0.98,-128.10,1004.91,140.00,-490.00,0.00,1005.26,45.4583817,-73.4328308,00,08,41,E
S,0.98,-128.10,1004.98,140.00,-490.00,70.00,1005.26,45.4583817,-73.4328308,00,08,42,E
S,0.98,-128.10,1004.85,140.00,-490.00,70.00,1005.24,45.4583817,-73.4328308,00,08,43,E
S,0.98,-128.10,1004.91,140.00,-490.00,70.00,1005.25,45.4583817,-73.4328308,00,08,44,E
S,0.98,-128.10,1004.85,140.00,-490.00,70.00,1005.27,45.4583817,-73.4328308,00,08,45,E
S,0.85,-128.10,1004.98,140.00,-490.00,70.00,1005.28,45.4583817,-73.4328308,00,08,46,E
S,0.98,-128.10,1005.04,140.00,-490.00,70.00,1005.27,45.4583817,-73.4328308,00,08,47,E
S,0.98,-128.10,1005.04,140.00,-490.00,70.00,1005.28,45.4583817,-73.4328308,00,08,48,E
S,0.98,-128.10,1004.91,140.00,-490.00,70.00,1005.25,45.4583817,-73.4328308,00,08,49,E
S,0.98,-128.04,1004.91,140.00,-490.00,70.00,1005.27,45.4583817,-73.4328308,00,08,50,E
S,0.92,-128.10,1004.91,140.00,-490.00,70.00,1005.26,45.4582748,-73.4328079,00,08,51,E
S,0.98,-128.10,1004.98,140.00,-490.00,70.00,1005.28,45.4582748,-73.4328079,00,08,52,E
S,0.98,-128.10,1004.98,140.00,-490.00,70.00,1005.25,45.4582748,-73.4328079,00,08,53,E
S,1.04,-127.98,1005.04,140.00,-490.00,70.00,1005.25,45.4582748,-73.4328079,00,08,53,E
S,1.04,-127.98,1004.85,140.00,-490.00,70.00,1005.22,45.4582748,-73.4328079,00,08,54,E
S,1.04,-128.04,1004.79,140.00,-490.00,70.00,1005.23,45.4582748,-73.4328079,00,08,55,E
S,0.98,-128.10,1004.85,140.00,-490.00,70.00,1005.25,45.4582748,-73.4328079,00,08,56,E
S,0.98,-128.10,1004.91,140.00,-490.00,70.00,1005.25,45.4582748,-73.4328079,00,08,57,E
S,0.98,-128.10,1004.85,140.00,-490.00,70.00,1005.27,45.4582748,-73.4328079,00,08,58,E
S,1.04,-128.04,1004.79,140.00,-490.00,70.00,1005.25,45.4582748,-73.4328079,00,08,59,E
S,0.98,-128.04,1004.85,140.00,-490.00,70.00,1005.25,45.4582748,-73.4328079,00,09,00,E
S,1.04,-128.10,1004.85,140.00,-490.00,70.00,1005.25,45.4582748,-73.4328079,00,09,01,E
S,1.10,-128.10,1004.79,140.00,-490.00,70.00,1005.24,45.4582748,-73.4328079,00,09,02,E
S,1.10,-128.10,1004.85,140.00,-490.00,70.00,1005.29,45.4582748,-73.4328079,00,09,04,E
S,1.04,-128.04,1004.85,140.00,-490.00,70.00,1005.27,45.4582748,-73.4328079,00,09,05,E
S,1.10,-127.98,1004.91,140.00,-490.00,70.00,1005.24,45.4582748,-73.4328079,00,09,06,E
S,1.16,-128.04,1004.79,140.00,-490.00,70.00,1005.25,45.4582748,-73.4328079,00,09,07,E
S,1.16,-127.98,1004.85,140.00,-490.00,70.00,1005.23,45.4582748,-73.4328079,00,09,08,E
S,1.16,-127.98,1004.85,140.00,-490.00,70.00,1005.25,45.4582748,-73.4328079,00,09,09,E
S,1.10,-127.98,1004.85,140.00,-490.00,70.00,1005.24,45.4582748,-73.4328079,00,09,10,E
S,1.10,-128.04,1004.79,140.00,-490.00,70.00,1005.24,45.4582748,-73.4328079,00,09,12,E
S,1.10,-127.98,1004.79,140.00,-420.00,0.00,1005.23,45.4582748,-73.4328079,00,09,13,E
S,1.10,-127.98,1004.73,210.00,-490.00,70.00,1005.28,45.4582748,-73.4328079,00,09,14,E
S,1.16,-127.92,1004.73,140.00,-490.00,70.00,1005.26,45.4582748,-73.4328079,00,09,15,E
S,1.22,-127.92,1004.73,140.00,-490.00,70.00,1005.26,45.4582748,-73.4328079,00,09,16,E
S,1.22,-127.86,1004.79,140.00,-490.00,70.00,1005.27,45.4582748,-73.4328079,00,09,17,E
S,1.22,-127.86,1004.79,140.00,-490.00,0.00,1005.23,45.4582748,-73.4328079,00,09,18,E
S,1.22,-127.98,1004.85,140.00,-490.00,70.00,1005.30,45.4582748,-73.4328079,00,09,20,E
S,1.28,-127.98,1004.79,140.00,-490.00,70.00,1005.26,45.4582748,-73.4328079,00,09,21,E
S,1.22,-127.98,1004.67,140.00,-490.00,0.00,1005.28,45.4582748,-73.4328079,00,09,22,E
S,1.22,-127.92,1004.67,140.00,-490.00,70.00,1005.27,45.4582748,-73.4328079,00,09,23,E
S,1.22,-127.98,1004.67,140.00,-490.00,70.00,1005.25,45.4582748,-73.4328079,00,09,24,E
S,1.22,-127.98,1004.73,140.00,-490.00,0.00,1005.29,45.4582748,-73.4328079,00,09,25,E
S,1.22,-127.98,1004.79,140.00,-490.00,70.00,1005.27,45.4582748,-73.4328079,00,09,26,E
S,1.22,-127.98,1004.67,140.00,-490.00,70.00,1005.26,45.4582748,-73.4328079,00,09,28,E
S,1.22,-127.86,1004.79,140.00,-490.00,70.00,1005.28,45.4583321,-73.4327621,00,09,29,E
S,1.22,-127.92,1004.79,140.00,-490.00,70.00,1005.28,45.4583321,-73.4327621,00,09,29,E
S,1.22,-127.86,1004.85,140.00,-490.00,70.00,1005.24,45.4583321,-73.4327621,00,09,30,E
S,1.22,-127.92,1004.79,140.00,-490.00,70.00,1005.26,45.4583321,-73.4327621,00,09,31,E
S,1.22,-127.98,1004.85,140.00,-490.00,70.00,1005.23,45.4583321,-73.4327621,00,09,32,E
S,1.22,-127.98,1004.73,140.00,-490.00,70.00,1005.29,45.4583321,-73.4327621,00,09,33,E
S,1.16,-127.98,1004.79,210.00,-490.00,0.00,1005.25,45.4583321,-73.4327621,00,09,34,E
S,1.22,-127.98,1004.85,140.00,-490.00,0.00,1005.26,45.4583321,-73.4327621,00,09,36,E
S,1.16,-127.98,1004.85,140.00,-490.00,70.00,1005.28,45.4583321,-73.4327621,00,09,37,E
S,1.10,-127.98,1004.79,140.00,-490.00,70.00,1005.27,45.4583321,-73.4327621,00,09,38,E
S,1.22,-127.92,1004.79,140.00,-490.00,70.00,1005.25,45.4583321,-73.4327621,00,09,39,E
S,1.22,-127.86,1004.85,140.00,-490.00,70.00,1005.28,45.4583321,-73.4327621,00,09,40,E
S,1.22,-127.86,1004.79,140.00,-490.00,70.00,1005.23,45.4583321,-73.4327621,00,09,41,E
S,1.22,-127.98,1004.85,140.00,-490.00,70.00,1005.27,45.4583321,-73.4327621,00,09,42,E
S,1.22,-127.98,1004.79,140.00,-490.00,70.00,1005.27,45.4583321,-73.4327621,00,09,44,E
S,1.10,-127.92,1004.79,140.00,-490.00,70.00,1005.29,45.4583321,-73.4327621,00,09,45,E
S,1.10,-127.98,1004.79,140.00,-490.00,70.00,1005.29,45.4583321,-73.4327621,00,09,46,E
S,1.10,-127.98,1004.85,140.00,-490.00,70.00,1005.27,45.4583321,-73.4327621,00,09,47,E
S,1.10,-127.98,1004.79,140.00,-490.00,70.00,1005.26,45.4583321,-73.4327621,00,09,48,E
S,1.10,-127.98,1004.91,140.00,-490.00,0.00,1005.28,45.4583321,-73.4327621,00,09,49,E
S,1.22,-127.92,1004.91,140.00,-490.00,70.00,1005.27,45.4583321,-73.4327621,00,09,50,E
S,1.16,-127.92,1004.91,140.00,-490.00,70.00,1005.24,45.4583321,-73.4327621,00,09,52,E
S,1.10,-127.98,1004.91,140.00,-490.00,70.00,1005.27,45.4583168,-73.4327850,00,09,53,E
S,1.16,-127.92,1004.91,140.00,-490.00,0.00,1005.27,45.4583168,-73.4327850,00,09,53,E
S,1.22,-127.98,1004.85,140.00,-420.00,70.00,1005.28,45.4583168,-73.4327850,00,09,54,E
S,1.22,-127.92,1004.91,140.00,-490.00,70.00,1005.28,45.4583168,-73.4327850,00,09,55,E
S,1.22,-127.98,1004.91,140.00,-490.00,70.00,1005.26,45.4583168,-73.4327850,00,09,56,E
S,1.10,-127.98,1004.91,140.00,-490.00,70.00,1005.23,45.4583168,-73.4327850,00,09,57,E
S,1.10,-127.98,1004.91,140.00,-490.00,70.00,1005.27,45.4583168,-73.4327850,00,09,58,E
S,1.16,-127.98,1004.91,140.00,-490.00,70.00,1005.28,45.4583092,-73.4327927,00,10,00,E
S,1.16,-127.98,1004.79,140.00,-490.00,0.00,1005.27,45.4583092,-73.4327927,00,10,00,E
S,1.22,-127.98,1004.73,140.00,-490.00,70.00,1005.26,45.4583092,-73.4327927,00,10,01,E
S,1.22,-127.98,1004.67,140.00,-490.00,0.00,1005.25,45.4583092,-73.4327927,00,10,02,E
S,1.28,-127.98,1004.67,140.00,-490.00,70.00,1005.27,45.4583015,-73.4328079,00,10,03,E
S,1.22,-127.98,1004.67,140.00,-490.00,70.00,1005.26,45.4583015,-73.4328079,00,10,04,E
S,1.28,-127.86,1004.73,140.00,-490.00,0.00,1005.23,45.4583015,-73.4328079,00,10,05,E
S,1.34,-127.86,1004.79,140.00,-490.00,70.00,1005.25,45.4583015,-73.4328079,00,10,05,E
S,1.28,-127.86,1004.79,140.00,-490.00,70.00,1005.24,45.4582939,-73.4328079,00,10,06,E
S,1.28,-127.86,1004.79,140.00,-490.00,70.00,1005.27,45.4582939,-73.4328079,00,10,07,E
S,1.22,-127.92,1004.79,140.00,-420.00,70.00,1005.24,45.4582939,-73.4328079,00,10,08,E
S,1.28,-127.92,1004.67,140.00,-490.00,70.00,1005.25,45.4582939,-73.4328079,00,10,09,E
S,1.16,-127.98,1004.79,140.00,-490.00,70.00,1005.28,45.4582939,-73.4328079,00,10,10,E
S,1.16,-127.98,1004.79,140.00,-490.00,70.00,1005.27,45.4582939,-73.4328079,00,10,11,E
S,1.16,-128.04,1004.79,140.00,-420.00,70.00,1005.26,45.4582939,-73.4328079,00,10,11,E
S,1.16,-128.04,1004.91,140.00,-490.00,70.00,1005.28,45.4582939,-73.4328079,00,10,12,E
S,1.22,-127.98,1004.91,140.00,-490.00,70.00,1005.26,45.4582863,-73.4328079,00,10,13,E
S,1.22,-127.98,1004.91,140.00,-490.00,70.00,1005.26,45.4582863,-73.4328079,00,10,14,E
S,1.22,-127.98,1004.79,140.00,-490.00,70.00,1005.29,45.4582863,-73.4328079,00,10,15,E
S,1.10,-128.04,1004.79,140.00,-490.00,70.00,1005.24,45.4582863,-73.4328079,00,10,16,E
S,1.10,-128.04,1004.79,140.00,-490.00,70.00,1005.27,45.4582863,-73.4328156,00,10,17,E
S,1.16,-127.98,1004.91,140.00,-490.00,70.00,1005.28,45.4582863,-73.4328156,00,10,17,E
S,1.10,-127.98,1004.91,140.00,-490.00,70.00,1005.29,45.4582863,-73.4328156,00,10,18,E
S,1.10,-128.04,1004.91,140.00,-490.00,70.00,1005.25,45.4582863,-73.4328156,00,10,19,E
S,0.98,-128.04,1004.91,140.00,-490.00,70.00,1005.34,45.4582939,-73.4328079,00,10,20,E
S,1.16,-128.10,1004.91,140.00,-490.00,0.00,1005.30,45.4582939,-73.4328079,00,10,21,E
S,1.10,-128.04,1004.79,140.00,-490.00,70.00,1005.29,45.4582939,-73.4328079,00,10,22,E
S,1.16,-127.98,1004.91,140.00,-490.00,70.00,1005.30,45.4582939,-73.4328079,00,10,22,E
S,1.10,-127.98,1004.91,140.00,-490.00,0.00,1005.26,45.4582939,-73.4328156,00,10,24,E
S,1.22,-127.98,1004.79,140.00,-490.00,70.00,1005.30,45.4582939,-73.4328156,00,10,24,E
S,1.16,-127.92,1004.85,140.00,-490.00,0.00,1005.28,45.4582939,-73.4328156,00,10,25,E
S,1.22,-127.98,1004.85,140.00,-490.00,70.00,1005.27,45.4582939,-73.4328156,00,10,26,E
S,1.16,-127.98,1004.85,140.00,-490.00,70.00,1005.30,45.4583092,-73.4328156,00,10,27,E
S,1.16,-127.98,1004.79,140.00,-490.00,70.00,1005.26,45.4583092,-73.4328156,00,10,28,E
S,1.16,-127.98,1004.79,140.00,-490.00,70.00,1005.28,45.4583092,-73.4328156,00,10,29,E
S,1.22,-127.98,1004.85,140.00,-490.00,70.00,1005.29,45.4583092,-73.4328156,00,10,29,E
S,1.10,-127.98,1004.91,140.00,-490.00,70.00,1005.29,45.4583092,-73.4328156,00,10,30,E
S,1.22,-127.92,1004.91,140.00,-490.00,70.00,1005.28,45.4583168,-73.4328079,00,10,32,E
S,1.16,-127.92,1004.91,140.00,-490.00,70.00,1005.28,45.4583168,-73.4328079,00,10,32,E
S,1.10,-127.86,1004.91,140.00,-490.00,0.00,1005.29,45.4583168,-73.4328079,00,10,33,E
S,1.10,-127.92,1004.98,140.00,-490.00,70.00,1005.26,45.4583168,-73.4328079,00,10,34,E
S,1.10,-127.98,1004.91,140.00,-490.00,70.00,1005.27,45.4583244,-73.4328079,00,10,35,E
S,1.10,-127.98,1004.91,140.00,-490.00,0.00,1005.29,45.4583244,-73.4328079,00,10,36,E
S,1.10,-127.98,1004.91,140.00,-490.00,70.00,1005.28,45.4583244,-73.4328079,00,10,37,E
S,1.10,-127.98,1004.79,140.00,-490.00,70.00,1005.27,45.4583244,-73.4328079,00,10,37,E
S,1.10,-128.04,1004.79,140.00,-490.00,70.00,1005.28,45.4583397,-73.4327927,00,10,38,E
S,1.10,-127.98,1004.91,140.00,-490.00,70.00,1005.30,45.4583397,-73.4327927,00,10,39,E
S,1.10,-127.98,1004.85,140.00,-490.00,70.00,1005.24,45.4583397,-73.4327927,00,10,40,E
S,1.10,-127.98,1004.79,140.00,-490.00,0.00,1005.27,45.4583397,-73.4327927,00,10,41,E
S,1.16,-127.98,1004.79,140.00,-490.00,70.00,1005.30,45.4583511,-73.4327927,00,10,42,E
S,1.16,-128.04,1004.91,140.00,-490.00,70.00,1005.26,45.4583511,-73.4327927,00,10,43,E
S,1.10,-127.98,1004.85,140.00,-490.00,70.00,1005.28,45.4583511,-73.4327927,00,10,43,E
S,1.10,-128.04,1004.91,140.00,-490.00,70.00,1005.28,45.4583511,-73.4327927,00,10,44,E
S,1.10,-128.04,1004.91,140.00,-490.00,70.00,1005.22,45.4583511,-73.4327927,00,10,45,E
S,1.10,-127.98,1004.91,140.00,-490.00,70.00,1005.23,45.4583664,-73.4327850,00,10,46,E
S,1.10,-127.98,1004.91,140.00,-490.00,70.00,1005.24,45.4583664,-73.4327850,00,10,47,E
S,1.16,-127.92,1004.98,140.00,-420.00,70.00,1005.25,45.4583664,-73.4327850,00,10,48,E
S,1.10,-127.98,1004.98,140.00,-490.00,70.00,1005.27,45.4583664,-73.4327850,00,10,49,E
S,1.22,-127.86,1004.91,140.00,-490.00,70.00,1005.27,45.4583893,-73.4327698,00,10,50,E
S,1.10,-127.98,1004.91,140.00,-490.00,70.00,1005.28,45.4583893,-73.4327698,00,10,51,E
S,1.10,-127.98,1004.91,140.00,-490.00,70.00,1005.27,45.4583893,-73.4327698,00,10,51,E
S,1.10,-127.98,1004.91,140.00,-490.00,0.00,1005.23,45.4583893,-73.4327698,00,10,52,E
S,1.10,-127.98,1004.91,140.00,-490.00,70.00,1005.30,45.4583969,-73.4327698,00,10,53,E
S,1.16,-127.98,1004.91,140.00,-490.00,70.00,1005.26,45.4583969,-73.4327698,00,10,54,E
S,1.22,-127.98,1004.85,140.00,-490.00,70.00,1005.26,45.4583969,-73.4327698,00,10,55,E
S,1.16,-127.92,1004.91,140.00,-490.00,70.00,1005.27,45.4583969,-73.4327698,00,10,56,E
S,1.10,-127.98,1004.85,140.00,-490.00,70.00,1005.27,45.4584084,-73.4327621,00,10,57,E
S,1.16,-127.92,1004.85,140.00,-490.00,70.00,1005.27,45.4584084,-73.4327621,00,10,57,E
S,1.22,-127.92,1004.79,140.00,-490.00,70.00,1005.26,45.4584084,-73.4327621,00,10,58,E
S,1.22,-127.92,1004.79,140.00,-490.00,70.00,1005.24,45.4584084,-73.4327621,00,10,59,E
S,1.10,-127.92,1004.79,140.00,-490.00,70.00,1005.27,45.4584084,-73.4327545,00,11,00,E
S,1.16,-127.98,1004.79,140.00,-490.00,70.00,1005.29,45.4584084,-73.4327545,00,11,01,E
S,1.22,-127.98,1004.79,140.00,-490.00,70.00,1005.28,45.4584084,-73.4327545,00,11,02,E
S,1.16,-127.98,1004.85,140.00,-490.00,70.00,1005.24,45.4584084,-73.4327545,00,11,02,E
S,1.22,-127.92,1004.91,140.00,-490.00,70.00,1005.27,45.4584160,-73.4327545,00,11,04,E
S,1.16,-127.98,1004.91,70.00,-420.00,0.00,1005.29,45.4584160,-73.4327545,00,11,04,E
S,1.10,-127.98,1004.91,140.00,-490.00,70.00,1005.29,45.4584160,-73.4327545,00,11,05,E
S,1.10,-128.10,1004.91,140.00,-490.00,70.00,1005.26,45.4584160,-73.4327545,00,11,06,E
S,1.10,-128.04,1004.91,140.00,-490.00,70.00,1005.28,45.4584160,-73.4327545,00,11,07,E
S,1.10,-128.04,1004.98,140.00,-490.00,70.00,1005.28,45.4584160,-73.4327545,00,11,08,E
S,1.10,-127.92,1004.91,140.00,-490.00,70.00,1005.27,45.4584160,-73.4327545,00,11,09,E
S,1.10,-127.98,1004.91,140.00,-490.00,70.00,1005.22,45.4584160,-73.4327545,00,11,09,E
S,1.10,-127.98,1004.91,140.00,-490.00,70.00,1005.26,45.4584160,-73.4327545,00,11,10,E
S,1.16,-127.98,1004.91,140.00,-490.00,70.00,1005.25,45.4584160,-73.4327545,00,11,11,E
S,1.10,-127.92,1004.91,140.00,-490.00,70.00,1005.27,45.4584160,-73.4327545,00,11,12,E
S,1.10,-127.92,1004.85,140.00,-490.00,70.00,1005.29,45.4584160,-73.4327545,00,11,13,E
S,1.16,-127.98,1004.79,140.00,-490.00,70.00,1005.29,45.4584160,-73.4327469,00,11,14,E
S,1.10,-127.98,1004.85,140.00,-490.00,70.00,1005.30,45.4584160,-73.4327469,00,11,15,E
S,1.10,-127.92,1004.85,140.00,-490.00,70.00,1005.27,45.4584160,-73.4327469,00,11,15,E
S,1.10,-127.98,1004.85,140.00,-490.00,70.00,1005.26,45.4584160,-73.4327469,00,11,16,E
S,0.98,-127.98,1004.91,140.00,-490.00,70.00,1005.28,45.4584236,-73.4327393,00,11,17,E
S,1.04,-127.98,1004.79,140.00,-490.00,70.00,1005.27,45.4584236,-73.4327393,00,11,18,E
S,1.10,-127.98,1004.85,140.00,-490.00,70.00,1005.28,45.4584236,-73.4327393,00,11,19,E
S,1.10,-127.98,1004.79,140.00,-490.00,70.00,1005.24,45.4584236,-73.4327393,00,11,20,E
S,1.10,-127.98,1004.79,140.00,-490.00,0.00,1005.27,45.4584236,-73.4327316,00,11,21,E
S,1.10,-127.92,1004.79,140.00,-490.00,70.00,1005.29,45.4584236,-73.4327316,00,11,21,E
S,1.16,-127.98,1004.79,140.00,-490.00,70.00,1005.26,45.4584236,-73.4327316,00,11,22,E
S,1.10,-127.98,1004.79,140.00,-490.00,70.00,1005.25,45.4584236,-73.4327316,00,11,23,E
S,1.10,-127.98,1004.85,140.00,-490.00,70.00,1005.28,45.4584312,-73.4327240,00,11,24,E
S,1.10,-127.98,1004.85,140.00,-490.00,70.00,1005.27,45.4584312,-73.4327240,00,11,25,E
S,1.10,-127.98,1004.79,140.00,-420.00,70.00,1005.29,45.4584312,-73.4327240,00,11,26,E
S,0.98,-128.04,1004.85,140.00,-490.00,70.00,1005.29,45.4584312,-73.4327240,00,11,26,E
S,1.04,-128.10,1004.85,140.00,-490.00,70.00,1005.28,45.4584389,-73.4327164,00,11,28,E
S,0.98,-128.10,1004.91,140.00,-490.00,70.00,1005.28,45.4584389,-73.4327164,00,11,28,E
S,0.98,-128.10,1004.98,140.00,-490.00,70.00,1005.28,45.4584389,-73.4327164,00,11,29,E
S,0.98,-128.04,1004.91,140.00,-490.00,70.00,1005.25,45.4584389,-73.4327164,00,11,30,E
S,0.98,-128.04,1004.91,140.00,-490.00,70.00,1005.27,45.4584312,-73.4327164,00,11,31,E
S,0.98,-127.98,1004.91,140.00,-490.00,70.00,1005.26,45.4584312,-73.4327164,00,11,32,E
S,1.04,-128.10,1004.91,140.00,-490.00,70.00,1005.27,45.4584312,-73.4327164,00,11,33,E
S,0.98,-128.04,1004.91,140.00,-490.00,70.00,1005.30,45.4584312,-73.4327164,00,11,33,E
S,1.04,-128.04,1004.91,140.00,-490.00,70.00,1005.28,45.4584312,-73.4327164,00,11,34,E
S,1.04,-127.98,1004.91,140.00,-490.00,70.00,1005.28,45.4584312,-73.4327164,00,11,35,E
S,1.04,-127.98,1004.79,140.00,-490.00,70.00,1005.27,45.4584312,-73.4327164,00,11,36,E
S,1.04,-128.10,1004.85,140.00,-490.00,70.00,1005.26,45.4584312,-73.4327164,00,11,37,E
S,1.10,-127.98,1004.85,140.00,-490.00,70.00,1005.25,45.4584236,-73.4327164,00,11,38,E
S,1.04,-128.04,1004.91,140.00,-490.00,70.00,1005.29,45.4584236,-73.4327164,00,11,39,E
S,1.04,-128.10,1004.91,140.00,-490.00,70.00,1005.28,45.4584236,-73.4327164,00,11,39,E
S,1.04,-127.98,1004.91,140.00,-490.00,70.00,1005.28,45.4584236,-73.4327164,00,11,40,E
S,0.98,-128.04,1004.91,140.00,-490.00,70.00,1005.27,45.4584312,-73.4327164,00,11,41,E
S,0.98,-128.10,1004.91,140.00,-490.00,70.00,1005.30,45.4584312,-73.4327164,00,11,42,E
S,0.92,-128.16,1004.98,140.00,-490.00,70.00,1005.29,45.4584312,-73.4327164,00,11,43,E
S,0.98,-128.16,1004.91,140.00,-490.00,70.00,1005.27,45.4584312,-73.4327164,00,11,44,E
S,0.98,-128.10,1004.91,140.00,-490.00,70.00,1005.26,45.4584236,-73.4327164,00,11,45,E
S,0.98,-128.10,1004.91,140.00,-490.00,70.00,1005.28,45.4584236,-73.4327164,00,11,45,E
S,0.98,-128.10,1004.79,140.00,-490.00,70.00,1005.26,45.4584236,-73.4327164,00,11,46,E
S,0.98,-128.10,1004.85,140.00,-490.00,70.00,1005.28,45.4584236,-73.4327164,00,11,47,E
S,0.98,-128.10,1004.79,140.00,-490.00,70.00,1005.27,45.4584236,-73.4327164,00,11,48,E
S,0.85,-128.16,1004.85,140.00,-490.00,70.00,1005.26,45.4584236,-73.4327164,00,11,49,E
S,0.98,-128.10,1004.91,140.00,-490.00,70.00,1005.27,45.4584236,-73.4327164,00,11,50,E
S,0.98,-128.10,1004.91,140.00,-490.00,70.00,1005.25,45.4584236,-73.4327164,00,11,50,E
S,0.85,-128.22,1004.91,140.00,-490.00,70.00,1005.27,45.4584160,-73.4327164,00,11,52,E
S,0.85,-128.10,1004.91,140.00,-490.00,0.00,1005.27,45.4584160,-73.4327164,00,11,52,E
S,0.92,-128.10,1004.91,140.00,-490.00,70.00,1005.24,45.4584160,-73.4327164,00,11,53,E
S,0.92,-128.10,1004.91,140.00,-490.00,70.00,1005.25,45.4584160,-73.4327164,00,11,54,E
S,0.92,-128.10,1004.79,140.00,-490.00,70.00,1005.28,45.4584084,-73.4327164,00,11,55,E
S,0.98,-128.10,1004.91,140.00,-490.00,70.00,1005.29,45.4584084,-73.4327164,00,11,56,E
S,1.04,-128.04,1004.91,140.00,-420.00,70.00,1005.26,45.4584084,-73.4327164,00,11,57,E
S,0.98,-128.04,1004.91,140.00,-490.00,70.00,1005.24,45.4584084,-73.4327164,00,11,57,E
S,1.10,-128.04,1004.91,140.00,-490.00,70.00,1005.26,45.4583969,-73.4327087,00,11,58,E
S,0.98,-128.10,1004.91,140.00,-420.00,70.00,1005.26,45.4583969,-73.4327087,00,11,59,E
S,1.10,-128.10,1004.91,140.00,-490.00,70.00,1005.24,45.4583969,-73.4327087,00,12,00,E
S,1.04,-128.04,1004.91,140.00,-490.00,70.00,1005.22,45.4583969,-73.4327087,00,12,01,E
S,0.98,-128.10,1004.79,140.00,-490.00,70.00,1005.26,45.4584084,-73.4327011,00,12,02,E
S,0.98,-128.04,1004.79,140.00,-490.00,70.00,1005.24,45.4584084,-73.4327011,00,12,03,E
S,0.98,-127.98,1004.85,140.00,-490.00,70.00,1005.27,45.4584084,-73.4327011,00,12,03,E
S,1.10,-127.98,1004.79,140.00,-490.00,70.00,1005.22,45.4584084,-73.4327011,00,12,04,E
S,1.04,-127.98,1004.85,140.00,-490.00,70.00,1005.26,45.4583969,-73.4327087,00,12,05,E
S,1.10,-127.98,1004.85,140.00,-490.00,70.00,1005.26,45.4583969,-73.4327087,00,12,06,E
S,0.98,-128.04,1004.85,140.00,-490.00,70.00,1005.28,45.4583969,-73.4327087,00,12,07,E
S,1.04,-127.98,1004.91,140.00,-490.00,70.00,1005.23,45.4583969,-73.4327087,00,12,08,E
S,0.98,-128.04,1004.79,140.00,-490.00,70.00,1005.29,45.4583969,-73.4327087,00,12,09,E
S,1.04,-128.10,1004.79,140.00,-490.00,70.00,1005.27,45.4583969,-73.4327087,00,12,09,E
S,1.10,-128.10,1004.79,210.00,-490.00,70.00,1005.27,45.4583969,-73.4327087,00,12,10,E
S,1.04,-128.04,1004.79,140.00,-490.00,70.00,1005.25,45.4583969,-73.4327087,00,12,11,E
S,0.98,-128.10,1004.91,140.00,-490.00,70.00,1005.27,45.4583969,-73.4327087,00,12,12,E
S,0.98,-128.10,1004.91,140.00,-490.00,70.00,1005.26,45.4583969,-73.4327087,00,12,13,E
S,1.04,-128.10,1004.98,140.00,-490.00,70.00,1005.29,45.4583969,-73.4327087,00,12,14,E
S,0.98,-128.10,1004.91,140.00,-490.00,70.00,1005.25,45.4583969,-73.4327087,00,12,14,E
S,0.98,-128.10,1005.04,140.00,-490.00,0.00,1005.26,45.4583817,-73.4327164,00,12,16,E
S,0.98,-128.10,1004.98,140.00,-490.00,70.00,1005.27,45.4583817,-73.4327164,00,12,16,E
S,0.85,-128.10,1004.98,140.00,-490.00,70.00,1005.28,45.4583817,-73.4327164,00,12,17,E
S,0.98,-128.22,1005.04,140.00,-490.00,70.00,1005.26,45.4583817,-73.4327164,00,12,18,E
S,0.98,-128.16,1005.04,140.00,-490.00,70.00,1005.25,45.4583740,-73.4327240,00,12,19,E
S,0.98,-128.10,1005.04,140.00,-490.00,70.00,1005.28,45.4583740,-73.4327240,00,12,20,E
S,0.98,-128.10,1005.04,140.00,-490.00,70.00,1005.29,45.4583740,-73.4327240,00,12,21,E
S,0.98,-128.10,1004.91,140.00,-490.00,70.00,1005.30,45.4583740,-73.4327240,00,12,21,E
S,0.98,-128.10,1004.91,140.00,-490.00,70.00,1005.32,45.4583664,-73.4327240,00,12,22,E
S,0.98,-128.16,1004.91,140.00,-490.00,70.00,1005.25,45.4583664,-73.4327240,00,12,23,E
S,0.98,-128.10,1004.98,140.00,-490.00,70.00,1005.29,45.4583664,-73.4327240,00,12,24,E
S,0.98,-128.04,1004.98,140.00,-490.00,70.00,1005.32,45.4583664,-73.4327240,00,12,25,E
S,1.04,-128.10,1004.91,140.00,-490.00,70.00,1005.30,45.4583588,-73.4327316,00,12,26,E
S,0.98,-128.10,1004.91,140.00,-490.00,70.00,1005.28,45.4583588,-73.4327316,00,12,27,E
S,0.98,-128.04,1004.91,140.00,-490.00,70.00,1005.29,45.4583588,-73.4327316,00,12,27,E
S,0.98,-128.10,1004.91,140.00,-490.00,70.00,1005.31,45.4583588,-73.4327316,00,12,28,E
S,0.92,-128.04,1005.04,140.00,-420.00,70.00,1005.29,45.4583511,-73.4327316,00,12,29,E
S,0.92,-128.10,1005.04,140.00,-490.00,70.00,1005.27,45.4583511,-73.4327316,00,12,30,E
S,0.92,-128.16,1004.91,140.00,-490.00,70.00,1005.28,45.4583511,-73.4327316,00,12,31,E
S,0.98,-128.16,1004.91,140.00,-490.00,70.00,1005.29,45.4583511,-73.4327316,00,12,32,E
S,1.04,-128.10,1004.91,140.00,-490.00,70.00,1005.30,45.4583511,-73.4327316,00,12,33,E
S,0.98,-128.10,1004.91,140.00,-490.00,70.00,1005.30,45.4583511,-73.4327316,00,12,33,E
S,0.98,-128.10,1004.91,140.00,-490.00,70.00,1005.29,45.4583511,-73.4327316,00,12,34,E
S,0.98,-128.10,1004.85,140.00,-490.00,70.00,1005.30,45.4583511,-73.4327316,00,12,35,E
S,0.92,-128.10,1004.98,140.00,-490.00,70.00,1005.31,45.4583511,-73.4327240,00,12,36,E
S,0.98,-128.10,1004.91,140.00,-490.00,70.00,1005.30,45.4583511,-73.4327240,00,12,37,E
S,0.98,-128.10,1004.91,140.00,-490.00,70.00,1005.32,45.4583511,-73.4327240,00,12,38,E
S,0.98,-127.98,1004.91,140.00,-490.00,0.00,1005.29,45.4583511,-73.4327240,00,12,39,E
S,0.98,-128.10,1004.85,140.00,-490.00,70.00,1005.28,45.4583511,-73.4327240,00,12,40,E
S,0.98,-128.22,1004.91,140.00,-490.00,70.00,1005.26,45.4583511,-73.4327240,00,12,40,E
S,0.98,-128.10,1004.91,140.00,-490.00,70.00,1005.29,45.4583511,-73.4327240,00,12,41,E
S,1.10,-128.10,1004.91,140.00,-490.00,70.00,1005.29,45.4583511,-73.4327240,00,12,42,E
S,1.10,-128.04,1004.91,140.00,-490.00,0.00,1005.30,45.4583588,-73.4327240,00,12,43,E
S,1.10,-128.10,1004.85,140.00,-490.00,70.00,1005.24,45.4583588,-73.4327240,00,12,44,E
S,1.10,-128.04,1004.85,140.00,-490.00,70.00,1005.29,45.4583588,-73.4327240,00,12,45,E
S,1.10,-128.10,1004.91,140.00,-490.00,70.00,1005.27,45.4583588,-73.4327240,00,12,45,E
S,1.10,-128.10,1004.91,140.00,-490.00,70.00,1005.26,45.4583588,-73.4327240,00,12,46,E
S,1.10,-127.98,1005.04,140.00,-490.00,70.00,1005.28,45.4583740,-73.4327087,00,12,48,E
S,1.10,-127.98,1004.98,140.00,-490.00,70.00,1005.29,45.4583740,-73.4327087,00,12,48,E
S,1.10,-127.98,1004.98,140.00,-490.00,0.00,1005.27,45.4583740,-73.4327087,00,12,49,E
S,1.16,-127.98,1004.98,140.00,-490.00,70.00,1005.27,45.4583740,-73.4327087,00,12,50,E
S,1.10,-127.98,1004.91,140.00,-490.00,70.00,1005.29,45.4583740,-73.4327087,00,12,51,E
S,1.10,-127.98,1004.91,140.00,-490.00,0.00,1005.30,45.4583740,-73.4327087,00,12,52,E
S,1.10,-127.98,1004.98,140.00,-490.00,70.00,1005.29,45.4583740,-73.4327087,00,12,53,E
S,1.16,-127.98,1004.98,140.00,-490.00,70.00,1005.31,45.4583740,-73.4327087,00,12,53,E
S,1.04,-127.98,1004.98,140.00,-490.00,70.00,1005.30,45.4583740,-73.4327087,00,12,54,E
S,0.98,-127.98,1005.04,140.00,-490.00,70.00,1005.30,45.4583740,-73.4327087,00,12,55,E
S,1.10,-127.98,1004.98,140.00,-490.00,70.00,1005.29,45.4583740,-73.4327087,00,12,56,E
S,1.10,-128.04,1004.98,140.00,-490.00,70.00,1005.28,45.4583740,-73.4327087,00,12,57,E
S,1.10,-127.98,1005.04,210.00,-490.00,70.00,1005.29,45.4583740,-73.4327087,00,12,58,E
S,1.10,-127.98,1004.98,140.00,-490.00,70.00,1005.29,45.4584236,-73.4326859,00,12,59,E
S,1.16,-127.92,1004.91,140.00,-490.00,70.00,1005.31,45.4584236,-73.4326859,00,12,59,E
S,1.10,-127.98,1004.91,140.00,-490.00,70.00,1005.29,45.4584236,-73.4326859,00,13,00,E
S,1.10,-127.98,1004.91,140.00,-490.00,70.00,1005.27,45.4584236,-73.4326859,00,13,01,E
S,1.04,-127.98,1004.98,140.00,-490.00,70.00,1005.28,45.4584236,-73.4326859,00,13,02,E
S,1.10,-127.98,1004.91,140.00,-490.00,70.00,1005.30,45.4584236,-73.4326859,00,13,03,E
S,1.10,-127.98,1004.91,140.00,-490.00,70.00,1005.30,45.4584236,-73.4326859,00,13,04,E
S,1.10,-128.10,1004.91,140.00,-490.00,70.00,1005.29,45.4584312,-73.4326859,00,13,05,E
S,1.10,-128.10,1004.91,140.00,-490.00,70.00,1005.29,45.4584312,-73.4326859,00,13,05,E
S,1.10,-128.10,1004.98,140.00,-490.00,70.00,1005.28,45.4584312,-73.4326859,00,13,06,E
S,1.04,-127.98,1005.04,140.00,-490.00,70.00,1005.29,45.4584312,-73.4326859,00,13,07,E
S,1.10,-127.98,1005.04,140.00,-420.00,70.00,1005.29,45.4584312,-73.4326859,00,13,08,E
S,0.98,-127.98,1005.10,140.00,-490.00,70.00,1005.28,45.4584312,-73.4326859,00,13,09,E
S,1.10,-127.98,1005.10,140.00,-490.00,70.00,1005.28,45.4584312,-73.4326859,00,13,10,E
S,1.10,-127.98,1005.04,140.00,-490.00,70.00,1005.26,45.4584312,-73.4326859,00,13,11,E
S,1.10,-128.04,1005.04,140.00,-490.00,70.00,1005.27,45.4584312,-73.4326935,00,13,12,E
S,1.10,-128.04,1005.04,140.00,-490.00,70.00,1005.28,45.4584312,-73.4326935,00,13,12,E
S,1.04,-128.04,1004.98,140.00,-490.00,70.00,1005.26,45.4584312,-73.4326935,00,13,13,E
S,1.04,-128.04,1005.04,140.00,-490.00,70.00,1005.28,45.4584312,-73.4326935,00,13,14,E
S,1.16,-127.98,1004.98,140.00,-490.00,70.00,1005.27,45.4584312,-73.4326935,00,13,15,E
S,1.10,-128.10,1005.04,140.00,-490.00,70.00,1005.28,45.4584312,-73.4326935,00,13,16,E
S,1.10,-128.04,1004.98,140.00,-490.00,70.00,1005.27,45.4584312,-73.4326935,00,13,17,E
S,1.10,-127.98,1005.04,140.00,-490.00,70.00,1005.25,45.4584312,-73.4326935,00,13,17,E
S,1.10,-127.98,1005.04,140.00,-490.00,70.00,1005.27,45.4584312,-73.4326935,00,13,18,E
S,1.04,-127.98,1005.04,140.00,-490.00,70.00,1005.26,45.4584312,-73.4326935,00,13,19,E
S,1.04,-128.04,1005.04,140.00,-490.00,70.00,1005.28,45.4584312,-73.4326935,00,13,20,E
S,1.04,-128.04,1005.04,140.00,-490.00,70.00,1005.27,45.4584312,-73.4326935,00,13,21,E
S,0.98,-127.98,1005.04,140.00,-490.00,70.00,1005.27,45.4584312,-73.4326935,00,13,22,E
S,1.04,-128.10,1004.91,140.00,-490.00,70.00,1005.29,45.4584312,-73.4326935,00,13,23,E
S,1.10,-128.10,1004.91,140.00,-490.00,0.00,1005.28,45.4584312,-73.4326935,00,13,23,E
S,1.04,-128.10,1004.91,140.00,-490.00,70.00,1005.27,45.4584312,-73.4326935,00,13,24,E
S,0.98,-128.10,1004.91,140.00,-490.00,70.00,1005.28,45.4584160,-73.4327011,00,13,25,E
S,0.98,-128.10,1004.91,140.00,-490.00,70.00,1005.29,45.4584160,-73.4327011,00,13,26,E
S,0.98,-128.10,1005.04,140.00,-490.00,70.00,1005.26,45.4584160,-73.4327011,00,13,27,E
S,1.04,-128.10,1004.98,140.00,-490.00,0.00,1005.27,45.4584160,-73.4327011,00,13,28,E
S,1.04,-127.98,1005.04,140.00,-490.00,70.00,1005.29,45.4584236,-73.4326935,00,13,29,E
S,1.16,-127.98,1004.91,140.00,-490.00,70.00,1005.32,45.4584236,-73.4326935,00,13,29,E
S,1.16,-127.98,1004.98,140.00,-490.00,70.00,1005.28,45.4584236,-73.4326935,00,13,30,E
S,1.10,-127.98,1004.91,140.00,-490.00,70.00,1005.25,45.4584236,-73.4326935,00,13,31,E
S,1.10,-127.98,1004.91,140.00,-490.00,70.00,1005.27,45.4584236,-73.4326935,00,13,32,E
S,1.10,-127.98,1004.91,140.00,-490.00,70.00,1005.27,45.4584236,-73.4326935,00,13,33,E
S,0.98,-128.04,1004.91,140.00,-490.00,70.00,1005.28,45.4584236,-73.4326935,00,13,34,E
S,1.04,-128.10,1004.91,140.00,-490.00,70.00,1005.29,45.4584236,-73.4326935,00,13,35,E
S,1.04,-128.10,1004.91,140.00,-490.00,0.00,1005.28,45.4584312,-73.4326935,00,13,36,E
S,1.04,-128.10,1004.91,140.00,-490.00,70.00,1005.26,45.4584312,-73.4326935,00,13,36,E
S,1.04,-128.04,1005.04,140.00,-490.00,70.00,1005.29,45.4584312,-73.4326935,00,13,37,E
S,1.10,-127.98,1004.98,140.00,-490.00,70.00,1005.27,45.4584312,-73.4326935,00,13,38,E
S,1.10,-127.98,1005.04,140.00,-490.00,70.00,1005.27,45.4584312,-73.4327011,00,13,39,E
S,1.10,-127.98,1005.04,140.00,-490.00,70.00,1005.27,45.4584312,-73.4327011,00,13,40,E
S,1.10,-127.98,1005.04,140.00,-490.00,70.00,1005.27,45.4584312,-73.4327011,00,13,41,E
S,0.92,-128.04,1004.91,140.00,-490.00,0.00,1005.29,45.4584312,-73.4327011,00,13,41,E
S,0.98,-128.10,1004.98,140.00,-490.00,70.00,1005.29,45.4584312,-73.4327011,00,13,42,E
S,0.98,-128.04,1004.91,140.00,-490.00,70.00,1005.27,45.4584236,-73.4327087,00,13,43,E
S,1.10,-127.98,1004.85,140.00,-490.00,70.00,1005.27,45.4584236,-73.4327087,00,13,44,E
S,1.10,-127.98,1004.91,140.00,-490.00,70.00,1005.28,45.4584236,-73.4327087,00,13,45,E
S,1.10,-128.10,1004.85,140.00,-490.00,0.00,1005.27,45.4584312,-73.4327087,00,13,46,E
S,1.04,-128.10,1004.79,140.00,-490.00,0.00,1005.30,45.4584312,-73.4327087,00,13,47,E
S,0.98,-128.10,1004.91,140.00,-490.00,70.00,1005.30,45.4584312,-73.4327087,00,13,47,E
S,0.98,-128.22,1004.91,140.00,-490.00,70.00,1005.29,45.4584312,-73.4327087,00,13,48,E
S,1.04,-128.10,1004.91,140.00,-490.00,70.00,1005.29,45.4584312,-73.4327087,00,13,49,E
S,1.10,-128.04,1004.91,140.00,-490.00,70.00,1005.27,45.4584312,-73.4327087,00,13,50,E
S,1.04,-127.98,1004.91,140.00,-490.00,0.00,1005.28,45.4584312,-73.4327087,00,13,51,E
S,1.10,-128.04,1004.91,140.00,-490.00,70.00,1005.27,45.4584312,-73.4327087,00,13,52,E
S,1.16,-128.10,1004.91,140.00,-420.00,70.00,1005.33,45.4584312,-73.4327087,00,13,53,E
S,1.10,-128.04,1004.91,140.00,-490.00,70.00,1005.28,45.4584312,-73.4327087,00,13,53,E
S,1.16,-127.98,1004.91,140.00,-490.00,70.00,1005.30,45.4584312,-73.4327087,00,13,54,E
S,1.16,-128.10,1004.98,140.00,-490.00,0.00,1005.29,45.4584312,-73.4327087,00,13,55,E
S,1.10,-128.04,1004.91,140.00,-490.00,70.00,1005.29,45.4584312,-73.4327087,00,13,56,E
S,1.10,-128.10,1004.79,140.00,-490.00,0.00,1005.31,45.4584618,-73.4327011,00,13,57,E
S,1.10,-128.04,1004.79,140.00,-490.00,70.00,1005.29,45.4584618,-73.4327011,00,13,58,E
S,1.04,-128.10,1004.79,140.00,-490.00,0.00,1005.26,45.4584618,-73.4327011,00,13,59,E
S,1.10,-128.10,1004.85,140.00,-490.00,70.00,1005.29,45.4584618,-73.4327011,00,14,00,E
S,0.98,-128.22,1004.91,140.00,-490.00,70.00,1005.26,45.4584618,-73.4327011,00,14,00,E
S,1.04,-128.10,1004.91,140.00,-490.00,0.00,1005.27,45.4584618,-73.4327011,00,14,01,E
S,0.98,-128.10,1004.91,140.00,-490.00,70.00,1005.28,45.4584618,-73.4327011,00,14,02,E
S,1.04,-128.10,1004.91,140.00,-490.00,70.00,1005.26,45.4584808,-73.4326935,00,14,03,E
S,0.98,-128.04,1004.98,140.00,-490.00,70.00,1005.28,45.4584808,-73.4326935,00,14,04,E
S,1.10,-128.04,1004.91,140.00,-490.00,70.00,1005.32,45.4584808,-73.4326935,00,14,05,E
S,1.10,-128.04,1004.79,140.00,-490.00,70.00,1005.26,45.4584808,-73.4326935,00,14,05,E
S,1.10,-128.10,1004.91,140.00,-490.00,70.00,1005.28,45.4584808,-73.4326935,00,14,06,E
S,1.04,-128.10,1004.91,140.00,-490.00,0.00,1005.29,45.4584885,-73.4326859,00,14,07,E
S,1.04,-128.10,1004.91,140.00,-490.00,70.00,1005.29,45.4584885,-73.4326859,00,14,08,E
S,1.04,-127.98,1004.91,140.00,-490.00,70.00,1005.30,45.4584885,-73.4326859,00,14,09,E
S,1.10,-127.98,1004.91,140.00,-490.00,70.00,1005.26,45.4584885,-73.4326859,00,14,10,E
S,1.10,-127.98,1004.91,140.00,-490.00,70.00,1005.29,45.4585037,-73.4326706,00,14,11,E
S,1.10,-127.98,1004.91,140.00,-490.00,70.00,1005.28,45.4585037,-73.4326706,00,14,11,E
S,1.10,-128.04,1004.91,140.00,-490.00,70.00,1005.29,45.4585037,-73.4326706,00,14,12,E
S,1.10,-127.98,1004.91,210.00,-490.00,70.00,1005.31,45.4585037,-73.4326706,00,14,13,E
S,1.10,-127.98,1004.91,140.00,-490.00,0.00,1005.28,45.4585037,-73.4326706,00,14,14,E
S,1.10,-127.98,1004.91,140.00,-490.00,70.00,1005.26,45.4585037,-73.4326706,00,14,15,E
S,1.10,-127.98,1004.79,140.00,-490.00,70.00,1005.28,45.4585037,-73.4326706,00,14,16,E
S,1.16,-127.98,1004.91,140.00,-490.00,70.00,1005.28,45.4585037,-73.4326706,00,14,17,E
S,1.16,-127.92,1004.91,140.00,-490.00,70.00,1005.28,45.4585190,-73.4326553,00,14,18,E
S,1.16,-127.98,1004.91,140.00,-490.00,70.00,1005.30,45.4585190,-73.4326553,00,14,19,E
S,1.22,-127.86,1004.91,140.00,-420.00,70.00,1005.33,45.4585190,-73.4326553,00,14,19,E
S,1.16,-127.92,1004.91,140.00,-490.00,70.00,1005.31,45.4585190,-73.4326553,00,14,20,E
S,1.10,-127.98,1005.04,140.00,-490.00,70.00,1005.30,45.4585304,-73.4326477,00,14,21,E
S,1.10,-127.98,1005.04,140.00,-490.00,70.00,1005.32,45.4585304,-73.4326477,00,14,22,E
S,1.10,-127.98,1004.98,140.00,-490.00,70.00,1005.32,45.4585304,-73.4326477,00,14,23,E
S,1.16,-127.92,1004.98,140.00,-490.00,70.00,1005.29,45.4585304,-73.4326477,00,14,24,E
S,1.16,-127.98,1004.91,140.00,-490.00,70.00,1005.30,45.4585304,-73.4326477,00,14,25,E
S,1.16,-127.98,1004.91,140.00,-490.00,70.00,1005.28,45.4585304,-73.4326477,00,14,25,E
S,1.22,-127.98,1004.79,140.00,-490.00,70.00,1005.31,45.4585304,-73.4326477,00,14,26,E
S,1.16,-128.04,1004.85,140.00,-490.00,70.00,1005.30,45.4585304,-73.4326477,00,14,27,E
S,1.22,-127.98,1004.85,140.00,-490.00,0.00,1005.27,45.4585304,-73.4326477,00,14,28,E
S,1.10,-127.98,1004.85,140.00,-490.00,0.00,1005.28,45.4585304,-73.4326477,00,14,29,E
S,1.22,-127.92,1004.91,140.00,-490.00,70.00,1005.27,45.4585304,-73.4326477,00,14,30,E
S,1.22,-127.92,1004.91,140.00,-490.00,70.00,1005.32,45.4585304,-73.4326477,00,14,31,E
S,1.16,-127.98,1004.85,140.00,-490.00,70.00,1005.27,45.4585381,-73.4326477,00,14,32,E
S,1.10,-127.98,1004.91,140.00,-490.00,70.00,1005.28,45.4585381,-73.4326477,00,14,32,E
S,1.10,-127.98,1004.91,140.00,-490.00,70.00,1005.29,45.4585381,-73.4326477,00,14,33,E
S,1.10,-127.92,1004.98,140.00,-490.00,70.00,1005.30,45.4585381,-73.4326477,00,14,34,E
S,1.10,-127.92,1005.04,140.00,-490.00,70.00,1005.32,45.4585381,-73.4326477,00,14,35,E
S,1.10,-127.98,1004.91,140.00,-490.00,70.00,1005.31,45.4585381,-73.4326477,00,14,36,E
S,1.10,-127.98,1004.91,140.00,-490.00,70.00,1005.32,45.4585381,-73.4326477,00,14,36,E
S,1.16,-127.98,1004.91,140.00,-490.00,70.00,1005.31,45.4585304,-73.4326477,00,14,37,E
S,1.10,-127.98,1004.98,140.00,-490.00,70.00,1005.28,45.4585304,-73.4326477,00,14,38,E
S,1.10,-127.98,1004.91,140.00,-490.00,70.00,1005.32,45.4585304,-73.4326477,00,14,39,E
S,1.04,-128.04,1004.91,140.00,-490.00,70.00,1005.29,45.4585304,-73.4326477,00,14,40,E
S,1.04,-128.10,1004.91,140.00,-490.00,70.00,1005.27,45.4585304,-73.4326477,00,14,41,E
S,1.10,-128.04,1004.91,140.00,-490.00,70.00,1005.29,45.4585304,-73.4326553,00,14,41,E
S,1.10,-128.04,1004.91,140.00,-490.00,70.00,1005.29,45.4585304,-73.4326553,00,14,42,E
S,1.04,-128.10,1004.85,140.00,-490.00,70.00,1005.29,45.4585304,-73.4326553,00,14,43,E
S,1.10,-128.10,1004.91,140.00,-490.00,70.00,1005.30,45.4585381,-73.4326553,00,14,44,E
S,1.16,-127.98,1004.85,140.00,-490.00,70.00,1005.30,45.4585381,-73.4326553,00,14,45,E
S,1.16,-127.98,1004.91,140.00,-490.00,70.00,1005.28,45.4585381,-73.4326553,00,14,46,E
S,1.10,-127.98,1005.04,140.00,-490.00,70.00,1005.31,45.4585381,-73.4326553,00,14,47,E
S,1.16,-127.98,1005.04,140.00,-490.00,70.00,1005.29,45.4585381,-73.4326553,00,14,48,E
S,1.10,-127.98,1005.10,140.00,-490.00,70.00,1005.29,45.4585381,-73.4326553,00,14,49,E
S,1.16,-128.04,1005.04,140.00,-490.00,70.00,1005.31,45.4585381,-73.4326553,00,14,49,E
S,1.10,-128.04,1005.16,140.00,-490.00,70.00,1005.30,45.4585381,-73.4326553,00,14,50,E
S,1.10,-127.98,1005.10,140.00,-490.00,70.00,1005.28,45.4585381,-73.4326553,00,14,51,E
S,1.10,-128.10,1005.10,210.00,-490.00,70.00,1005.31,45.4585381,-73.4326553,00,14,52,E
S,1.10,-128.04,1005.16,140.00,-490.00,70.00,1005.29,45.4585381,-73.4326553,00,14,53,E
S,1.10,-127.98,1005.16,140.00,-490.00,70.00,1005.29,45.4585381,-73.4326553,00,14,54,E
S,1.04,-127.98,1005.16,140.00,-420.00,70.00,1005.33,45.4585381,-73.4326553,00,14,55,E
S,1.10,-127.98,1005.04,140.00,-490.00,0.00,1005.28,45.4585381,-73.4326553,00,14,56,E
S,1.10,-127.98,1005.04,140.00,-490.00,70.00,1005.30,45.4585381,-73.4326553,00,14,56,E
S,1.16,-127.98,1005.04,140.00,-490.00,70.00,1005.29,45.4585381,-73.4326553,00,14,57,E
S,1.22,-127.92,1005.04,140.00,-490.00,70.00,1005.27,45.4585381,-73.4326553,00,14,58,E
S,1.10,-127.92,1005.04,140.00,-490.00,70.00,1005.28,45.4585381,-73.4326553,00,14,59,E
S,1.16,-127.92,1005.04,140.00,-490.00,70.00,1005.30,45.4585381,-73.4326553,00,15,00,E
S,1.16,-127.98,1004.91,140.00,-490.00,70.00,1005.27,45.4585381,-73.4326553,00,15,01,E
S,1.10,-127.98,1004.91,140.00,-490.00,70.00,1005.29,45.4585381,-73.4326553,00,15,01,E
S,1.16,-127.98,1004.91,140.00,-490.00,0.00,1005.31,45.4585381,-73.4326553,00,15,02,E
S,1.22,-127.98,1004.91,140.00,-490.00,70.00,1005.29,45.4585381,-73.4326553,00,15,03,E
S,1.16,-127.92,1004.98,140.00,-490.00,0.00,1005.29,45.4585381,-73.4326553,00,15,04,E
S,1.10,-127.98,1004.98,140.00,-490.00,70.00,1005.28,45.4585381,-73.4326553,00,15,05,E
S,1.10,-127.98,1005.04,140.00,-420.00,70.00,1005.29,45.4585381,-73.4326553,00,15,06,E
S,1.10,-127.98,1005.10,140.00,-490.00,70.00,1005.28,45.4585381,-73.4326553,00,15,07,E
S,1.10,-128.10,1005.04,140.00,-490.00,70.00,1005.25,45.4585381,-73.4326553,00,15,07,E
S,1.10,-127.98,1005.04,140.00,-490.00,70.00,1005.30,45.4585381,-73.4326553,00,15,08,E
S,1.10,-127.98,1005.04,140.00,-490.00,0.00,1005.28,45.4585381,-73.4326553,00,15,09,E
S,1.10,-127.98,1005.10,140.00,-490.00,70.00,1005.29,45.4585381,-73.4326553,00,15,10,E
S,1.10,-127.98,1005.10,140.00,-490.00,70.00,1005.28,45.4585381,-73.4326553,00,15,11,E
S,1.10,-127.98,1005.10,140.00,-490.00,70.00,1005.30,45.4585381,-73.4326553,00,15,12,E
S,1.10,-127.98,1005.10,140.00,-490.00,70.00,1005.28,45.4585381,-73.4326553,00,15,13,E
S,1.10,-127.98,1005.10,140.00,-490.00,70.00,1005.30,45.4584465,-73.4327240,00,15,13,E
S,1.10,-127.98,1005.04,140.00,-490.00,70.00,1005.30,45.4584465,-73.4327240,00,15,14,E
S,1.10,-128.04,1005.04,140.00,-490.00,70.00,1005.31,45.4584465,-73.4327240,00,15,15,E
S,1.10,-128.10,1004.91,140.00,-490.00,70.00,1005.31,45.4584465,-73.4327240,00,15,16,E
S,1.04,-128.04,1004.98,140.00,-490.00,70.00,1005.32,45.4584465,-73.4327240,00,15,17,E
S,1.10,-127.98,1004.98,140.00,-490.00,70.00,1005.26,45.4584465,-73.4327240,00,15,18,E
S,1.04,-128.04,1005.04,140.00,-490.00,70.00,1005.27,45.4584465,-73.4327240,00,15,19,E
S,0.98,-128.10,1005.04,140.00,-490.00,70.00,1005.30,45.4584084,-73.4327316,00,15,20,E
S,0.98,-128.10,1005.04,140.00,-490.00,70.00,1005.29,45.4584084,-73.4327316,00,15,20,E
S,1.04,-128.04,1005.10,140.00,-490.00,70.00,1005.28,45.4584084,-73.4327316,00,15,21,E
S,1.04,-128.04,1005.10,140.00,-490.00,70.00,1005.29,45.4584084,-73.4327316,00,15,22,E
S,0.98,-128.10,1005.22,140.00,-490.00,70.00,1005.32,45.4583893,-73.4327393,00,15,23,E
S,0.98,-128.10,1005.16,140.00,-490.00,70.00,1005.28,45.4583893,-73.4327393,00,15,24,E
S,0.92,-128.10,1005.16,140.00,-490.00,70.00,1005.29,45.4583893,-73.4327393,00,15,25,E
S,0.98,-128.10,1005.16,140.00,-490.00,70.00,1005.30,45.4583893,-73.4327393,00,15,25,E
S,0.98,-128.10,1005.16,140.00,-490.00,70.00,1005.30,45.4583893,-73.4327393,00,15,26,E
S,1.04,-128.10,1005.16,140.00,-490.00,70.00,1005.31,45.4583740,-73.4327469,00,15,27,E
S,0.98,-128.10,1005.10,140.00,-490.00,70.00,1005.26,45.4583740,-73.4327469,00,15,28,E
S,1.04,-128.10,1005.04,140.00,-490.00,70.00,1005.29,45.4583740,-73.4327469,00,15,29,E
S,1.04,-128.10,1005.10,140.00,-490.00,70.00,1005.30,45.4583740,-73.4327469,00,15,30,E
S,1.04,-128.10,1005.10,140.00,-490.00,70.00,1005.32,45.4583664,-73.4327545,00,15,31,E
S,0.98,-128.10,1005.16,140.00,-490.00,70.00,1005.30,45.4583664,-73.4327545,00,15,31,E
S,0.98,-128.10,1005.16,140.00,-490.00,70.00,1005.34,45.4583664,-73.4327545,00,15,32,E
S,0.98,-128.10,1005.16,140.00,-490.00,70.00,1005.27,45.4583664,-73.4327545,00,15,33,E
S,0.98,-128.16,1005.10,140.00,-420.00,70.00,1005.32,45.4583588,-73.4327621,00,15,34,E
S,1.04,-128.10,1005.10,140.00,-490.00,70.00,1005.31,45.4583588,-73.4327621,00,15,35,E
S,1.10,-128.10,1005.04,140.00,-490.00,70.00,1005.28,45.4583588,-73.4327621,00,15,36,E
S,1.10,-128.10,1005.10,140.00,-490.00,70.00,1005.32,45.4583588,-73.4327621,00,15,37,E
S,1.10,-128.10,1005.04,140.00,-490.00,70.00,1005.34,45.4583511,-73.4327698,00,15,38,E
S,1.22,-127.98,1005.04,140.00,-490.00,70.00,1005.32,45.4583511,-73.4327698,00,15,38,E
S,1.16,-127.98,1005.04,140.00,-490.00,70.00,1005.31,45.4583511,-73.4327698,00,15,39,E
S,1.10,-127.98,1005.04,140.00,-490.00,70.00,1005.30,45.4583511,-73.4327698,00,15,40,E
S,1.10,-128.04,1005.04,140.00,-490.00,70.00,1005.31,45.4583397,-73.4327774,00,15,41,E
S,1.10,-128.04,1005.04,140.00,-490.00,70.00,1005.30,45.4583397,-73.4327774,00,15,42,E
S,1.10,-128.04,1005.04,140.00,-490.00,70.00,1005.33,45.4583397,-73.4327774,00,15,43,E
S,1.16,-127.98,1005.10,140.00,-490.00,70.00,1005.29,45.4583397,-73.4327774,00,15,44,E
S,1.10,-127.98,1005.04,140.00,-490.00,70.00,1005.28,45.4583397,-73.4327774,00,15,44,E
S,1.16,-127.98,1005.04,140.00,-490.00,70.00,1005.29,45.4583397,-73.4327774,00,15,45,E
S,1.10,-127.98,1005.10,140.00,-490.00,70.00,1005.30,45.4583397,-73.4327774,00,15,46,E
S,1.10,-128.04,1005.04,140.00,-490.00,70.00,1005.30,45.4583397,-73.4327774,00,15,47,E
S,1.10,-128.04,1005.04,140.00,-490.00,70.00,1005.29,45.4583397,-73.4327774,00,15,48,E
S,1.04,-127.98,1005.04,140.00,-490.00,70.00,1005.30,45.4583397,-73.4327774,00,15,49,E
S,0.98,-128.04,1004.98,140.00,-490.00,70.00,1005.29,45.4583397,-73.4327774,00,15,49,E
S,0.98,-128.04,1004.91,140.00,-490.00,70.00,1005.31,45.4583397,-73.4327774,00,15,50,E
S,1.04,-128.10,1004.91,140.00,-490.00,70.00,1005.32,45.4583397,-73.4327774,00,15,51,E
S,0.98,-128.10,1004.91,140.00,-490.00,70.00,1005.29,45.4583397,-73.4327774,00,15,52,E
S,1.04,-128.10,1004.91,140.00,-420.00,70.00,1005.30,45.4583397,-73.4327774,00,15,53,E
S,0.98,-128.10,1005.04,140.00,-490.00,70.00,1005.30,45.4583397,-73.4327774,00,15,54,E
S,1.10,-128.04,1005.04,140.00,-490.00,70.00,1005.31,45.4583244,-73.4327927,00,15,55,E
S,1.10,-128.04,1005.04,140.00,-490.00,70.00,1005.32,45.4583244,-73.4327927,00,15,55,E
S,1.10,-128.10,1005.04,140.00,-490.00,70.00,1005.32,45.4583244,-73.4327927,00,15,56,E
S,1.10,-128.10,1005.10,140.00,-490.00,70.00,1005.30,45.4583168,-73.4327927,00,15,57,E
S,1.04,-128.10,1004.98,140.00,-490.00,70.00,1005.31,45.4583168,-73.4327927,00,15,58,E
S,1.04,-128.04,1005.04,140.00,-490.00,70.00,1005.34,45.4583168,-73.4327927,00,15,59,E
S,1.04,-128.04,1005.04,140.00,-490.00,70.00,1005.30,45.4583168,-73.4327927,00,16,00,E
S,1.04,-128.10,1004.91,140.00,-490.00,70.00,1005.32,45.4583092,-73.4328156,00,16,01,E
S,1.04,-128.10,1004.98,140.00,-490.00,70.00,1005.29,45.4583092,-73.4328156,00,16,02,E
S,0.98,-128.10,1005.04,140.00,-490.00,70.00,1005.26,45.4583092,-73.4328156,00,16,02,E
S,1.04,-128.10,1004.91,140.00,-490.00,70.00,1005.33,45.4583092,-73.4328156,00,16,03,E
S,0.98,-127.98,1005.04,140.00,-490.00,70.00,1005.30,45.4583015,-73.4328232,00,16,04,E
S,0.98,-127.98,1005.04,140.00,-490.00,70.00,1005.31,45.4583015,-73.4328232,00,16,05,E
S,1.10,-127.98,1005.10,140.00,-490.00,70.00,1005.29,45.4583015,-73.4328232,00,16,06,E
S,1.10,-127.98,1005.04,140.00,-490.00,70.00,1005.30,45.4583015,-73.4328232,00,16,07,E
S,1.04,-128.10,1005.04,140.00,-490.00,70.00,1005.27,45.4583015,-73.4328232,00,16,08,E
S,1.04,-128.10,1005.10,140.00,-490.00,70.00,1005.29,45.4582939,-73.4328308,00,16,08,E
S,1.04,-128.04,1005.16,140.00,-490.00,70.00,1005.31,45.4582939,-73.4328308,00,16,09,E
S,0.98,-128.04,1005.16,140.00,-490.00,70.00,1005.31,45.4582939,-73.4328308,00,16,10,E
S,0.98,-127.98,1005.16,140.00,-490.00,0.00,1005.34,45.4582863,-73.4328384,00,16,11,E
S,1.04,-127.98,1005.16,140.00,-490.00,70.00,1005.33,45.4582863,-73.4328384,00,16,12,E
S,0.98,-128.10,1005.16,140.00,-490.00,70.00,1005.32,45.4582863,-73.4328384,00,16,13,E
S,1.04,-128.10,1005.16,140.00,-490.00,70.00,1005.31,45.4582863,-73.4328384,00,16,13,E
S,0.98,-128.10,1005.22,140.00,-490.00,70.00,1005.30,45.4582863,-73.4328384,00,16,14,E
S,0.98,-128.10,1005.22,140.00,-490.00,70.00,1005.32,45.4582748,-73.4328461,00,16,15,E
S,1.10,-128.10,1005.16,140.00,-490.00,70.00,1005.33,45.4582748,-73.4328461,00,16,16,E
S,1.04,-128.04,1005.16,140.00,-490.00,70.00,1005.32,45.4582748,-73.4328461,00,16,17,E
S,1.04,-128.10,1005.10,140.00,-490.00,70.00,1005.31,45.4582748,-73.4328461,00,16,18,E
S,1.10,-128.10,1005.16,140.00,-490.00,70.00,1005.29,45.4582748,-73.4328461,00,16,19,E
S,1.10,-128.10,1005.16,140.00,-490.00,0.00,1005.33,45.4582748,-73.4328461,00,16,19,E
S,1.04,-128.04,1005.16,140.00,-420.00,70.00,1005.32,45.4582748,-73.4328461,00,16,20,E
S,1.10,-128.10,1005.04,140.00,-490.00,70.00,1005.29,45.4582672,-73.4328537,00,16,21,E
S,1.10,-128.04,1005.04,140.00,-490.00,70.00,1005.26,45.4582672,-73.4328537,00,16,22,E
S,1.10,-128.10,1005.04,140.00,-490.00,70.00,1005.31,45.4582672,-73.4328537,00,16,23,E
S,1.04,-128.04,1005.04,140.00,-490.00,0.00,1005.28,45.4582672,-73.4328537,00,16,24,E
S,1.04,-128.10,1004.91,140.00,-490.00,70.00,1005.28,45.4582596,-73.4328537,00,16,25,E
S,1.04,-128.04,1004.91,140.00,-490.00,70.00,1005.30,45.4582596,-73.4328537,00,16,26,E
S,1.10,-127.98,1004.98,140.00,-490.00,70.00,1005.28,45.4582596,-73.4328537,00,16,26,E
S,1.16,-128.04,1004.98,140.00,-490.00,70.00,1005.30,45.4582596,-73.4328537,00,16,27,E
S,1.22,-127.98,1004.91,140.00,-490.00,70.00,1005.26,45.4582596,-73.4328537,00,16,28,E
S,1.16,-128.10,1004.91,140.00,-490.00,70.00,1005.32,45.4582596,-73.4328537,00,16,29,E
S,1.16,-127.98,1004.91,140.00,-490.00,70.00,1005.28,45.4582596,-73.4328537,00,16,30,E
S,1.16,-127.98,1004.98,140.00,-490.00,70.00,1005.31,45.4582596,-73.4328537,00,16,31,E
S,1.10,-127.98,1005.04,140.00,-490.00,70.00,1005.31,45.4582596,-73.4328537,00,16,32,E
S,1.10,-127.98,1005.04,140.00,-490.00,70.00,1005.30,45.4582596,-73.4328537,00,16,32,E
S,1.10,-127.98,1005.10,140.00,-490.00,70.00,1005.30,45.4582596,-73.4328537,00,16,33,E
S,1.10,-128.04,1005.04,140.00,-490.00,70.00,1005.32,45.4582596,-73.4328537,00,16,34,E
S,1.10,-128.04,1004.98,140.00,-490.00,70.00,1005.31,45.4582596,-73.4328537,00,16,35,E
S,0.98,-128.04,1005.04,140.00,-490.00,70.00,1005.32,45.4582596,-73.4328537,00,16,36,E
S,0.98,-128.10,1005.10,140.00,-490.00,70.00,1005.27,45.4582596,-73.4328537,00,16,37,E
S,0.98,-128.10,1005.10,140.00,-490.00,70.00,1005.28,45.4582443,-73.4328766,00,16,37,E
S,1.04,-128.10,1005.10,140.00,-490.00,70.00,1005.30,45.4582443,-73.4328766,00,16,38,E
S,1.04,-128.10,1005.04,140.00,-490.00,70.00,1005.31,45.4582443,-73.4328766,00,16,39,E
S,0.98,-128.10,1005.04,140.00,-490.00,70.00,1005.27,45.4582443,-73.4328766,00,16,40,E
S,1.04,-128.10,1005.16,140.00,-490.00,70.00,1005.31,45.4582443,-73.4328766,00,16,41,E
S,0.98,-128.22,1005.04,140.00,-490.00,70.00,1005.31,45.4582443,-73.4328766,00,16,42,E
S,1.10,-128.10,1005.04,140.00,-490.00,70.00,1005.31,45.4582443,-73.4328766,00,16,42,E
S,1.10,-128.10,1005.04,140.00,-420.00,70.00,1005.29,45.4582443,-73.4328766,00,16,43,E
S,0.98,-128.04,1005.10,140.00,-490.00,70.00,1005.27,45.4582443,-73.4328766,00,16,44,E
S,0.98,-128.10,1005.16,140.00,-490.00,70.00,1005.29,45.4582443,-73.4328766,00,16,45,E
S,1.10,-128.10,1005.10,140.00,-420.00,70.00,1005.31,45.4582443,-73.4328766,00,16,46,E
S,1.10,-128.10,1005.16,140.00,-490.00,70.00,1005.29,45.4582443,-73.4328766,00,16,47,E
S,1.10,-128.04,1005.16,140.00,-490.00,70.00,1005.31,45.4582443,-73.4328766,00,16,48,E
S,1.10,-128.04,1005.16,140.00,-490.00,70.00,1005.31,45.4582443,-73.4328766,00,16,48,E
S,1.04,-128.10,1005.16,140.00,-490.00,70.00,1005.28,45.4582443,-73.4328766,00,16,49,E
S,0.98,-128.22,1005.16,140.00,-490.00,70.00,1005.27,45.4582443,-73.4328766,00,16,50,E
S,0.98,-128.16,1005.16,140.00,-490.00,70.00,1005.28,45.4582443,-73.4328766,00,16,51,E
S,0.98,-128.16,1005.10,140.00,-490.00,70.00,1005.31,45.4582443,-73.4328766,00,16,52,E
S,1.04,-128.16,1005.04,140.00,-490.00,70.00,1005.32,45.4582443,-73.4328766,00,16,53,E
S,1.04,-128.16,1004.98,140.00,-490.00,70.00,1005.31,45.4582443,-73.4328766,00,16,53,E
S,0.98,-128.04,1004.98,140.00,-490.00,70.00,1005.28,45.4582443,-73.4328766,00,16,54,E
S,1.04,-128.10,1005.10,140.00,-420.00,70.00,1005.32,45.4582443,-73.4328766,00,16,55,E
S,0.98,-128.10,1005.04,140.00,-490.00,70.00,1005.31,45.4582443,-73.4328766,00,16,56,E
S,0.98,-128.10,1005.04,140.00,-490.00,70.00,1005.31,45.4582443,-73.4328766,00,16,57,E
S,0.98,-128.10,1005.04,140.00,-490.00,70.00,1005.29,45.4582443,-73.4328766,00,16,58,E
S,0.98,-128.10,1005.10,140.00,-490.00,0.00,1005.31,45.4582443,-73.4328766,00,16,59,E
S,1.04,-128.10,1005.04,140.00,-490.00,70.00,1005.28,45.4582443,-73.4328766,00,16,59,E
S,1.04,-128.10,1005.16,140.00,-490.00,70.00,1005.29,45.4582443,-73.4328766,00,17,00,E
S,1.04,-128.04,1005.16,140.00,-490.00,70.00,1005.27,45.4582443,-73.4328766,00,17,01,E
S,1.10,-128.04,1005.10,140.00,-490.00,70.00,1005.30,45.4582443,-73.4328766,00,17,02,E
S,1.10,-128.04,1005.10,140.00,-490.00,70.00,1005.28,45.4582443,-73.4328766,00,17,03,E
S,1.10,-128.04,1005.04,140.00,-490.00,70.00,1005.30,45.4582443,-73.4328766,00,17,04,E
S,1.16,-127.98,1005.16,140.00,-490.00,70.00,1005.27,45.4582443,-73.4328766,00,17,05,E
S,1.16,-127.92,1005.10,140.00,-490.00,70.00,1005.31,45.4582443,-73.4328766,00,17,06,E
S,1.16,-127.98,1005.04,140.00,-490.00,0.00,1005.29,45.4582443,-73.4328766,00,17,06,E
S,1.10,-127.98,1005.04,140.00,-490.00,70.00,1005.28,45.4582443,-73.4328766,00,17,07,E
S,1.10,-127.98,1005.04,140.00,-490.00,70.00,1005.31,45.4582443,-73.4328766,00,17,08,E
S,1.10,-128.04,1005.04,140.00,-490.00,70.00,1005.30,45.4582443,-73.4328766,00,17,09,E
S,1.10,-128.04,1005.04,140.00,-490.00,70.00,1005.28,45.4582443,-73.4328766,00,17,10,E
S,1.16,-127.98,1004.91,140.00,-490.00,70.00,1005.30,45.4582443,-73.4328766,00,17,11,E
S,1.10,-128.04,1004.98,140.00,-490.00,70.00,1005.27,45.4582443,-73.4328766,00,17,12,E
S,1.10,-128.04,1005.04,140.00,-490.00,70.00,1005.31,45.4582443,-73.4328766,00,17,12,E
S,1.04,-128.16,1005.10,140.00,-490.00,70.00,1005.29,45.4582443,-73.4328766,00,17,13,E
S,1.10,-128.10,1005.04,140.00,-490.00,0.00,1005.31,45.4582443,-73.4328766,00,17,14,E
S,1.04,-128.10,1005.04,140.00,-490.00,70.00,1005.30,45.4582443,-73.4328766,00,17,15,E
S,1.04,-128.22,1005.04,140.00,-490.00,70.00,1005.31,45.4582443,-73.4328766,00,17,16,E
S,0.98,-128.10,1005.04,140.00,-490.00,70.00,1005.31,45.4582443,-73.4328766,00,17,17,E
S,1.04,-128.10,1004.98,140.00,-490.00,70.00,1005.34,45.4582443,-73.4328766,00,17,17,E
S,0.98,-128.10,1004.98,140.00,-490.00,70.00,1005.30,45.4582443,-73.4328766,00,17,18,E
S,1.04,-128.10,1005.04,140.00,-490.00,70.00,1005.31,45.4582443,-73.4328766,00,17,19,E
S,0.98,-128.10,1005.04,140.00,-490.00,70.00,1005.32,45.4582443,-73.4328766,00,17,20,E
S,1.04,-128.16,1005.04,140.00,-490.00,70.00,1005.35,45.4582443,-73.4328766,00,17,21,E
S,0.98,-128.10,1004.98,140.00,-490.00,70.00,1005.35,45.4582443,-73.4328766,00,17,22,E
S,0.98,-128.22,1005.10,140.00,-490.00,70.00,1005.34,45.4582443,-73.4328766,00,17,23,E
S,0.92,-128.22,1005.16,140.00,-490.00,0.00,1005.30,45.4582443,-73.4328766,00,17,23,E
S,0.98,-128.22,1005.04,140.00,-490.00,70.00,1005.31,45.4582443,-73.4328766,00,17,24,E
S,0.98,-128.22,1005.16,140.00,-490.00,70.00,1005.36,45.4582443,-73.4328766,00,17,25,E
S,1.04,-128.22,1005.16,140.00,-490.00,70.00,1005.32,45.4582443,-73.4328766,00,17,26,E
S,1.04,-128.16,1005.16,140.00,-490.00,70.00,1005.35,45.4582443,-73.4328766,00,17,27,E
S,0.98,-128.22,1005.16,140.00,-490.00,70.00,1005.32,45.4582443,-73.4328766,00,17,28,E
S,0.98,-128.16,1005.16,140.00,-490.00,70.00,1005.33,45.4582443,-73.4328766,00,17,29,E
S,1.04,-128.22,1005.16,140.00,-490.00,70.00,1005.34,45.4582443,-73.4328766,00,17,30,E
S,0.98,-128.22,1005.16,140.00,-490.00,70.00,1005.36,45.4582443,-73.4328766,00,17,30,E
S,1.04,-128.22,1005.16,140.00,-490.00,70.00,1005.33,45.4582443,-73.4328766,00,17,31,E
S,0.98,-128.22,1005.04,140.00,-490.00,70.00,1005.35,45.4582443,-73.4328766,00,17,32,E
S,0.98,-128.22,1005.10,140.00,-490.00,70.00,1005.28,45.4582443,-73.4328766,00,17,33,E
S,0.98,-128.22,1005.10,140.00,-490.00,70.00,1005.33,45.4582443,-73.4328766,00,17,34,E
S,0.98,-128.28,1005.10,140.00,-490.00,70.00,1005.30,45.4582443,-73.4328766,00,17,35,E
S,0.98,-128.28,1005.16,140.00,-490.00,70.00,1005.31,45.4582443,-73.4328766,00,17,36,E
S,0.98,-128.22,1005.16,140.00,-490.00,70.00,1005.26,45.4582443,-73.4328766,00,17,36,E
S,0.98,-128.34,1005.16,140.00,-490.00,70.00,1005.31,45.4582443,-73.4328766,00,17,37,E
S,0.98,-128.34,1005.04,140.00,-490.00,70.00,1005.31,45.4582443,-73.4328766,00,17,38,E
S,0.92,-128.34,1005.10,140.00,-490.00,70.00,1005.28,45.4582443,-73.4328766,00,17,39,E
S,0.98,-128.34,1005.10,140.00,-490.00,70.00,1005.29,45.4582443,-73.4328766,00,17,40,E
S,0.92,-128.34,1005.04,140.00,-490.00,70.00,1005.30,45.4582443,-73.4328766,00,17,41,E
S,0.98,-128.22,1005.16,140.00,-490.00,70.00,1005.32,45.4582443,-73.4328766,00,17,41,E
S,0.98,-128.22,1005.10,140.00,-490.00,70.00,1005.29,45.4582443,-73.4328766,00,17,42,E
S,0.92,-128.22,1005.16,140.00,-490.00,70.00,1005.30,45.4582443,-73.4328766,00,17,43,E
S,0.85,-128.22,1005.16,140.00,-490.00,0.00,1005.30,45.4582443,-73.4328766,00,17,44,E
S,0.92,-128.22,1005.04,140.00,-420.00,0.00,1005.32,45.4582863,-73.4327850,00,17,45,E
S,0.98,-128.16,1005.16,140.00,-490.00,70.00,1005.29,45.4582863,-73.4327850,00,17,46,E
S,1.04,-128.10,1005.22,140.00,-490.00,70.00,1005.33,45.4582863,-73.4327850,00,17,46,E
S,0.98,-128.16,1005.16,140.00,-420.00,70.00,1005.32,45.4582863,-73.4327850,00,17,47,E
S,0.98,-128.10,1005.16,140.00,-490.00,70.00,1005.29,45.4582863,-73.4327850,00,17,48,E
S,1.04,-128.10,1005.10,140.00,-490.00,70.00,1005.32,45.4582863,-73.4327850,00,17,49,E
S,0.98,-128.10,1005.10,140.00,-490.00,70.00,1005.30,45.4582863,-73.4327850,00,17,50,E
S,1.04,-128.10,1005.16,140.00,-490.00,70.00,1005.30,45.4582863,-73.4327850,00,17,51,E
S,1.10,-128.10,1005.16,140.00,-490.00,70.00,1005.30,45.4582863,-73.4327850,00,17,52,E
S,1.16,-128.10,1005.16,140.00,-490.00,70.00,1005.31,45.4582863,-73.4327850,00,17,52,E
S,1.16,-128.10,1005.10,140.00,-490.00,70.00,1005.30,45.4582863,-73.4327850,00,17,53,E
S,1.22,-128.04,1005.10,140.00,-490.00,70.00,1005.31,45.4582863,-73.4327850,00,17,54,E
S,1.10,-128.10,1005.04,140.00,-490.00,70.00,1005.32,45.4582863,-73.4327850,00,17,55,E
S,1.22,-128.10,1005.04,140.00,-490.00,70.00,1005.29,45.4582863,-73.4327850,00,17,56,E
S,1.10,-128.10,1005.04,140.00,-420.00,70.00,1005.30,45.4582863,-73.4327850,00,17,57,E
S,1.10,-128.10,1005.04,140.00,-420.00,70.00,1005.34,45.4582863,-73.4327850,00,17,57,E
S,0.98,-128.22,1005.04,140.00,-490.00,70.00,1005.33,45.4582863,-73.4327850,00,17,58,E
S,1.10,-128.16,1005.04,140.00,-490.00,0.00,1005.30,45.4582863,-73.4327850,00,17,59,E
S,1.10,-128.10,1005.10,140.00,-490.00,0.00,1005.32,45.4582863,-73.4327850,00,18,00,E
S,1.10,-128.10,1005.16,140.00,-490.00,70.00,1005.30,45.4582863,-73.4327850,00,18,01,E
S,1.16,-127.98,1005.04,140.00,-490.00,70.00,1005.34,45.4582863,-73.4327850,00,18,02,E
S,1.16,-127.98,1005.04,140.00,-490.00,0.00,1005.33,45.4582863,-73.4327850,00,18,03,E
S,1.10,-128.04,1005.04,140.00,-490.00,70.00,1005.31,45.4582863,-73.4327850,00,18,03,E
S,1.10,-128.10,1005.04,140.00,-490.00,70.00,1005.30,45.4582863,-73.4327850,00,18,04,E
S,1.04,-128.10,1005.10,140.00,-490.00,70.00,1005.31,45.4582863,-73.4327850,00,18,05,E
S,1.10,-127.98,1005.10,140.00,-490.00,70.00,1005.32,45.4582863,-73.4327850,00,18,06,E
S,1.10,-128.04,1005.04,140.00,-490.00,70.00,1005.32,45.4582863,-73.4327850,00,18,07,E
S,1.10,-128.10,1005.10,140.00,-490.00,70.00,1005.29,45.4582863,-73.4327850,00,18,08,E
S,1.10,-128.16,1005.10,140.00,-490.00,70.00,1005.32,45.4582863,-73.4327850,00,18,09,E
S,1.10,-128.10,1005.04,140.00,-490.00,70.00,1005.28,45.4582863,-73.4327850,00,18,10,E
S,1.16,-128.10,1005.16,140.00,-490.00,70.00,1005.31,45.4582863,-73.4327850,00,18,10,E
S,1.10,-128.10,1005.16,140.00,-490.00,70.00,1005.33,45.4582863,-73.4327850,00,18,11,E
S,1.10,-128.10,1005.16,140.00,-490.00,70.00,1005.30,45.4582863,-73.4327850,00,18,12,E
S,1.10,-128.10,1005.04,140.00,-490.00,70.00,1005.31,45.4582863,-73.4327850,00,18,13,E
S,1.16,-128.10,1005.10,140.00,-490.00,70.00,1005.30,45.4582863,-73.4327850,00,18,14,E
S,1.16,-128.10,1005.10,140.00,-490.00,70.00,1005.34,45.4582672,-73.4328156,00,18,15,E
S,1.16,-128.10,1005.16,140.00,-420.00,70.00,1005.30,45.4582672,-73.4328156,00,18,15,E
S,1.22,-128.10,1005.04,140.00,-490.00,70.00,1005.29,45.4582672,-73.4328156,00,18,16,E
S,1.22,-128.04,1005.04,140.00,-490.00,70.00,1005.32,45.4582672,-73.4328156,00,18,17,E
S,1.22,-128.04,1005.04,140.00,-490.00,0.00,1005.29,45.4582672,-73.4328156,00,18,18,E
S,1.22,-128.04,1004.98,140.00,-490.00,0.00,1005.30,45.4582672,-73.4328156,00,18,19,E
S,1.28,-127.98,1004.98,140.00,-490.00,70.00,1005.29,45.4582672,-73.4328156,00,18,19,E
S,1.22,-128.04,1004.98,140.00,-490.00,70.00,1005.32,45.4582672,-73.4328156,00,18,20,E
S,1.22,-127.98,1004.91,140.00,-490.00,70.00,1005.31,45.4582672,-73.4328156,00,18,21,E
S,1.22,-128.04,1004.98,140.00,-490.00,70.00,1005.34,45.4582672,-73.4328156,00,18,22,E
S,1.28,-128.10,1004.91,140.00,-490.00,70.00,1005.30,45.4582672,-73.4328156,00,18,23,E
S,1.22,-128.04,1004.91,140.00,-490.00,70.00,1005.29,45.4582672,-73.4328156,00,18,24,E
S,1.22,-127.98,1005.04,140.00,-490.00,0.00,1005.30,45.4582672,-73.4328156,00,18,25,E
S,1.10,-128.04,1005.04,140.00,-490.00,0.00,1005.31,45.4582672,-73.4328156,00,18,26,E
S,1.10,-128.10,1005.04,140.00,-490.00,0.00,1005.30,45.4582672,-73.4328156,00,18,26,E
S,1.10,-128.10,1005.04,140.00,-490.00,70.00,1005.30,45.4582672,-73.4328156,00,18,27,E
S,1.16,-128.10,1005.04,140.00,-490.00,70.00,1005.30,45.4582672,-73.4328156,00,18,28,E
S,1.22,-128.10,1005.04,140.00,-490.00,70.00,1005.30,45.4582672,-73.4328156,00,18,29,E
S,1.22,-128.10,1005.04,140.00,-490.00,70.00,1005.30,45.4582672,-73.4328156,00,18,30,E
S,1.22,-128.10,1005.04,140.00,-490.00,0.00,1005.29,45.4582672,-73.4328232,00,18,31,E
S,1.22,-128.10,1005.04,140.00,-490.00,70.00,1005.30,45.4582672,-73.4328232,00,18,31,E
S,1.22,-128.10,1005.04,140.00,-490.00,70.00,1005.29,45.4582672,-73.4328232,00,18,32,E
S,1.22,-128.10,1004.91,140.00,-490.00,70.00,1005.29,45.4582672,-73.4328232,00,18,33,E
S,1.22,-128.10,1004.98,140.00,-490.00,70.00,1005.31,45.4582672,-73.4328232,00,18,34,E
S,1.16,-128.10,1004.91,140.00,-490.00,70.00,1005.29,45.4582672,-73.4328232,00,18,35,E
S,1.22,-127.98,1004.98,140.00,-490.00,0.00,1005.32,45.4582672,-73.4328232,00,18,35,E
S,1.16,-127.98,1004.91,140.00,-490.00,70.00,1005.29,45.4582672,-73.4328232,00,18,36,E
S,1.22,-128.10,1004.91,140.00,-490.00,0.00,1005.30,45.4582672,-73.4328232,00,18,37,E
S,1.16,-128.04,1004.91,140.00,-490.00,70.00,1005.29,45.4582672,-73.4328232,00,18,38,E
S,1.22,-128.10,1005.04,140.00,-490.00,70.00,1005.29,45.4582672,-73.4328232,00,18,39,E
S,1.10,-128.04,1004.98,140.00,-490.00,70.00,1005.28,45.4582672,-73.4328232,00,18,40,E
S,1.10,-128.10,1005.04,140.00,-490.00,70.00,1005.27,45.4582672,-73.4328232,00,18,41,E
S,1.10,-128.04,1005.04,140.00,-490.00,70.00,1005.27,45.4582672,-73.4328232,00,18,42,E
S,1.16,-128.10,1005.04,140.00,-490.00,70.00,1005.27,45.4582672,-73.4328232,00,18,42,E
S,1.10,-128.10,1005.04,140.00,-490.00,70.00,1005.25,45.4582672,-73.4328232,00,18,43,E
S,1.10,-128.04,1005.04,210.00,-490.00,70.00,1005.28,45.4582672,-73.4328232,00,18,44,E
S,1.10,-128.10,1005.04,140.00,-490.00,70.00,1005.29,45.4582672,-73.4328232,00,18,45,E
S,1.04,-128.04,1004.98,140.00,-490.00,70.00,1005.30,45.4582672,-73.4328232,00,18,46,E
S,1.10,-128.10,1005.04,140.00,-490.00,70.00,1005.30,45.4582672,-73.4328232,00,18,47,E
S,1.04,-128.04,1005.04,140.00,-490.00,70.00,1005.31,45.4582672,-73.4328232,00,18,48,E
S,0.98,-128.10,1005.10,140.00,-490.00,70.00,1005.28,45.4582672,-73.4328232,00,18,48,E
S,1.04,-128.10,1005.10,140.00,-490.00,70.00,1005.27,45.4582672,-73.4328232,00,18,49,E
S,1.04,-128.22,1005.04,140.00,-490.00,70.00,1005.30,45.4582863,-73.4327927,00,18,50,E
S,1.04,-128.10,1005.04,140.00,-490.00,70.00,1005.28,45.4582863,-73.4327927,00,18,51,E
S,1.10,-127.98,1004.98,140.00,-490.00,70.00,1005.27,45.4582863,-73.4327927,00,18,52,E
S,1.04,-128.04,1005.04,140.00,-490.00,70.00,1005.29,45.4582863,-73.4327927,00,18,52,E
S,1.10,-128.10,1005.04,140.00,-490.00,70.00,1005.26,45.4582863,-73.4327927,00,18,53,E
S,1.10,-128.22,1005.04,140.00,-490.00,70.00,1005.27,45.4582863,-73.4327927,00,18,54,E
S,1.10,-128.10,1005.04,140.00,-490.00,70.00,1005.33,45.4582863,-73.4327927,00,18,55,E
S,0.98,-128.10,1004.98,140.00,-490.00,70.00,1005.30,45.4582863,-73.4327927,00,18,56,E
S,0.98,-128.10,1005.04,140.00,-490.00,70.00,1005.32,45.4582863,-73.4327927,00,18,57,E
S,0.98,-128.10,1005.04,140.00,-490.00,70.00,1005.30,45.4582863,-73.4327927,00,18,58,E
S,0.92,-128.10,1005.04,140.00,-490.00,0.00,1005.29,45.4582863,-73.4327927,00,18,58,E
S,0.98,-128.16,1005.04,140.00,-490.00,70.00,1005.33,45.4582863,-73.4327927,00,18,59,E
S,0.98,-128.10,1005.04,140.00,-490.00,70.00,1005.32,45.4582863,-73.4327927,00,19,00,E
S,0.98,-128.16,1005.04,140.00,-490.00,70.00,1005.26,45.4582863,-73.4327927,00,19,01,E
S,0.92,-128.10,1005.04,140.00,-490.00,70.00,1005.30,45.4582863,-73.4327927,00,19,02,E
S,0.92,-128.16,1005.10,140.00,-490.00,70.00,1005.28,45.4582863,-73.4327927,00,19,03,E
S,0.92,-128.22,1005.04,140.00,-490.00,0.00,1005.29,45.4582863,-73.4327927,00,19,04,E
S,0.85,-128.16,1005.04,140.00,-490.00,70.00,1005.28,0.7500000,-73.4327927,00,19,04,E
S,0.85,-128.22,1005.04,140.00,-490.00,70.00,1005.30,0.7500000,-73.4327927,00,19,05,E
S,0.85,-128.16,1004.91,140.00,-490.00,70.00,1005.32,0.7500000,-73.4327927,00,19,06,E
S,0.98,-128.10,1004.91,140.00,-490.00,70.00,1005.29,0.7500000,-73.4327927,00,19,07,E
S,0.98,-128.10,1004.91,140.00,-490.00,70.00,1005.32,0.7500000,-73.4327927,00,19,08,E
S,0.98,-128.10,1004.98,140.00,-490.00,70.00,1005.31,0.7500000,-73.4327927,00,19,09,E
S,0.98,-128.22,1005.04,140.00,-490.00,70.00,1005.31,0.7500000,-73.4327927,00,19,09,E
S,0.98,-128.22,1005.04,140.00,-490.00,70.00,1005.29,0.7500000,-73.4327927,00,19,10,E
S,0.98,-128.16,1005.04,140.00,-490.00,0.00,1005.31,0.7500000,-73.4327927,00,19,11,E
S,0.92,-128.22,1005.04,140.00,-490.00,70.00,1005.33,0.7500000,-73.4327927,00,19,12,E
S,0.92,-128.10,1005.04,140.00,-490.00,70.00,1005.35,0.7500000,-73.4327927,00,19,13,E
S,0.92,-128.10,1005.04,140.00,-490.00,70.00,1005.30,0.7500000,-73.4327927,00,19,14,E
S,0.92,-128.10,1005.10,140.00,-490.00,70.00,1005.30,0.7500000,-73.4327927,00,19,15,E
S,0.98,-128.10,1005.16,140.00,-490.00,70.00,1005.31,0.7500000,-73.4327927,00,19,15,E
S,0.98,-128.10,1005.16,140.00,-490.00,70.00,1005.30,0.7500000,-73.4327927,00,19,16,E
S,0.92,-128.16,1005.04,140.00,-490.00,70.00,1005.29,0.7500000,-73.4327927,00,19,17,E
S,0.92,-128.16,1004.91,140.00,-490.00,70.00,1005.29,0.7500000,-73.4327927,00,19,18,E
S,0.98,-128.10,1004.91,140.00,-490.00,70.00,1005.34,0.7500000,-73.4327927,00,19,19,E
S,0.98,-128.10,1005.04,140.00,-420.00,70.00,1005.30,0.7500000,-73.4327927,00,19,20,E
S,0.98,-128.16,1005.04,140.00,-490.00,70.00,1005.30,0.7500000,-73.4327927,00,19,21,E
S,0.98,-128.10,1005.04,140.00,-490.00,70.00,1005.29,0.7500000,-73.4327927,00,19,22,E
S,0.98,-128.10,1005.10,140.00,-490.00,70.00,1005.32,0.7500000,-73.4327927,00,19,22,E
S,0.92,-128.10,1005.16,140.00,-490.00,70.00,1005.27,0.7500000,-73.4327927,00,19,23,E
S,0.98,-128.10,1005.16,140.00,-490.00,70.00,1005.28,0.7500000,-73.4327927,00,19,24,E
S,0.98,-128.10,1005.22,140.00,-490.00,70.00,1005.29,0.7500000,-73.4327927,00,19,25,E
S,0.98,-128.10,1005.10,140.00,-490.00,70.00,1005.31,0.7500000,-73.4327927,00,19,26,E
S,0.98,-128.10,1005.10,140.00,-490.00,70.00,1005.26,0.7500000,-73.4327927,00,19,27,E
S,0.85,-128.22,1005.04,140.00,-490.00,70.00,1005.29,0.7500000,-73.4327927,00,19,28,E
S,0.92,-128.22,1005.16,140.00,-490.00,70.00,1005.28,0.7500000,-73.4327927,00,19,28,E
S,0.98,-128.16,1005.16,140.00,-490.00,70.00,1005.30,0.7500000,-73.4327927,00,19,29,E
S,0.98,-128.16,1005.04,140.00,-490.00,0.00,1005.29,0.7500000,-73.4327927,00,19,30,E
S,0.98,-128.10,1004.98,140.00,-420.00,70.00,1005.25,0.7500000,-73.4327927,00,19,31,E
S,1.04,-128.10,1004.98,140.00,-490.00,70.00,1005.30,45.4583168,-73.4327774,00,19,32,E
S,0.98,-128.10,1004.91,140.00,-490.00,70.00,1005.30,45.4583168,-73.4327774,00,19,33,E
S,1.04,-128.10,1004.98,140.00,-490.00,70.00,1005.25,45.4583168,-73.4327774,00,19,33,E
S,0.98,-128.10,1004.98,140.00,-490.00,70.00,1005.27,45.4583168,-73.4327774,00,19,34,E
S,0.98,-128.10,1004.91,140.00,-490.00,70.00,1005.28,45.4583168,-73.4327850,00,19,35,E
S,0.98,-128.10,1005.04,140.00,-490.00,0.00,1005.25,45.4583168,-73.4327850,00,19,36,E
S,0.98,-128.22,1005.10,140.00,-490.00,70.00,1005.25,45.4583168,-73.4327850,00,19,37,E
S,0.98,-128.22,1005.16,140.00,-490.00,70.00,1005.29,45.4583168,-73.4327850,00,19,38,E
S,0.98,-128.10,1005.16,140.00,-490.00,70.00,1005.31,45.4583168,-73.4327850,00,19,39,E
S,0.98,-128.22,1005.04,140.00,-490.00,70.00,1005.29,45.4583168,-73.4327850,00,19,40,E
S,0.98,-128.22,1005.04,140.00,-490.00,70.00,1005.31,45.4583168,-73.4327850,00,19,40,E
S,0.98,-128.10,1005.10,140.00,-490.00,70.00,1005.27,45.4583168,-73.4327850,00,19,41,E
S,0.98,-128.10,1005.16,140.00,-490.00,70.00,1005.29,45.4583168,-73.4327850,00,19,42,E
S,0.98,-128.10,1005.16,140.00,-490.00,0.00,1005.32,45.4583168,-73.4327850,00,19,43,E
S,1.04,-128.16,1005.16,140.00,-490.00,70.00,1005.32,45.4583168,-73.4327850,00,19,44,E
S,1.10,-128.10,1005.16,140.00,-490.00,70.00,1005.30,45.4583168,-73.4327850,00,19,45,E
S,1.10,-128.10,1005.16,140.00,-490.00,0.00,1005.32,45.4583168,-73.4327850,00,19,46,E
S,0.98,-128.10,1005.16,140.00,-490.00,70.00,1005.29,45.4583168,-73.4327850,00,19,46,E
S,0.98,-128.10,1005.16,140.00,-420.00,70.00,1005.32,45.4583168,-73.4327850,00,19,47,E
S,0.98,-128.10,1005.22,140.00,-490.00,70.00,1005.33,45.4583168,-73.4327850,00,19,48,E
S,1.04,-128.10,1005.16,140.00,-490.00,70.00,1005.31,45.4583168,-73.4327850,00,19,49,E
S,0.98,-128.16,1005.22,140.00,-490.00,70.00,1005.30,45.4583168,-73.4327850,00,19,50,E
S,0.98,-128.16,1005.16,140.00,-490.00,70.00,1005.30,45.4583168,-73.4327850,00,19,51,E
S,0.98,-128.10,1005.28,140.00,-490.00,70.00,1005.30,45.4583168,-73.4327850,00,19,52,E
S,0.98,-128.10,1005.16,140.00,-490.00,70.00,1005.27,45.4583168,-73.4327850,00,19,52,E
S,1.04,-128.10,1005.16,140.00,-490.00,70.00,1005.29,45.4583168,-73.4327850,00,19,53,E
S,0.98,-128.10,1005.16,140.00,-490.00,70.00,1005.33,45.4583168,-73.4327850,00,19,54,E
S,0.98,-128.10,1005.04,140.00,-490.00,70.00,1005.29,45.4583168,-73.4327850,00,19,55,E
S,0.98,-128.10,1005.04,140.00,-490.00,70.00,1005.31,45.4583244,-73.4327927,00,19,56,E
S,0.98,-128.10,1005.04,140.00,-490.00,70.00,1005.27,45.4583244,-73.4327927,00,19,57,E
S,1.10,-128.10,1005.04,140.00,-490.00,0.00,1005.31,45.4583244,-73.4327927,00,19,57,E
S,1.10,-128.10,1005.10,140.00,-490.00,70.00,1005.32,45.4583244,-73.4327927,00,19,58,E
S,1.10,-128.10,1005.10,140.00,-490.00,70.00,1005.33,45.4583244,-73.4327927,00,19,59,E
S,1.10,-128.10,1005.04,140.00,-490.00,70.00,1005.35,45.4583244,-73.4327927,00,20,00,E
S,1.10,-128.10,1005.04,140.00,-490.00,70.00,1005.31,45.4583244,-73.4327927,00,20,01,E
S,1.10,-128.10,1005.04,140.00,-490.00,70.00,1005.29,45.4583244,-73.4327927,00,20,02,E
S,0.98,-128.10,1004.98,140.00,-490.00,70.00,1005.30,45.4583244,-73.4327927,00,20,03,E
S,1.10,-128.10,1004.98,140.00,-490.00,70.00,1005.29,45.4583244,-73.4327927,00,20,04,E
S,1.10,-128.10,1005.04,140.00,-490.00,70.00,1005.32,45.4583244,-73.4327927,00,20,04,E
S,1.10,-128.22,1004.91,140.00,-490.00,70.00,1005.32,45.4583244,-73.4327927,00,20,05,E
S,1.10,-128.22,1004.91,140.00,-490.00,70.00,1005.32,45.4583244,-73.4327927,00,20,06,E
S,0.98,-128.22,1004.98,140.00,-490.00,70.00,1005.31,45.4583244,-73.4327927,00,20,07,E
S,0.98,-128.10,1005.04,140.00,-490.00,70.00,1005.30,45.4583244,-73.4327927,00,20,08,E
S,0.92,-128.22,1005.04,140.00,-490.00,70.00,1005.33,45.4583244,-73.4327927,00,20,09,E
S,0.92,-128.16,1005.04,140.00,-420.00,70.00,1005.31,45.4583244,-73.4327927,00,20,10,E
S,0.85,-128.22,1005.04,140.00,-490.00,0.00,1005.30,45.4583244,-73.4327927,00,20,10,E
