S,0.98,-128.59,1004.91,140.00,-490.00,0.00,1005.26,45.4583817,-73.4328308,00,05,33,E
S,0.98,-128.59,1004.91,140.00,-490.00,0.00,1005.26,45.4583817,-73.4328308,00,05,33,E
S,0.98,-128.59,1004.91,140.00,-490.00,0.00,1005.26,45.4583817,-73.4328308,00,05,33,E
S,0.98,-128.59,1004.91,140.00,-490.00,0.00,1005.26,45.4583817,-73.4328308,00,05,33,E
s-005.38;-002.69;0359.62;-00.72;000.53;009.47;022.58;101245.44;00107.05;454469136;-736939802;20:05:07e
s-006.38;-002.69;0359.62;-00.72;000.53;009.47;022.58;101245.44;00107.05;454469136;-736939802;21:05:07e
s-007.38;-002.69;0359.62;-00.72;000.53;009.47;022.58;101245.44;00107.05;454469136;-736939802;22:05:07e
s-008.38;-002.69;0359.62;-00.72;000.53;009.47;022.58;101245.44;00107.05;454469136;-736939802;23:05:07e
S,0.98,-128.59,1004.91,140.00,-490.00,0.00,1005.26,45.4583817,-73.4328308,00,05,33,E
S,0.98,-128.59,1004.91,140.00,-490.00,0.00,1005.26,45.4583817,-73.4328308,00,05,33,E
S,0.98,-128.59,1004.91,140.00,-490.00,0.00,1005.26,45.4583817,-73.4328308,00,05,33,E
S,0.98,-128.59,1004.91,140.00,-490.00,0.00,1005.26,45.4583817,-73.4328308,00,05,33,E
s-005.38;-002.69;0359.62;-00.72;000.53;009.47;022.58;101245.44;00107.05;454469136;-736939802;20:05:07e
s-006.38;-002.69;0359.62;-00.72;000.53;009.47;022.58;101245.44;00107.05;454469136;-736939802;21:05:07e
s-007.38;-002.69;0359.62;-00.72;000.53;009.47;022.58;101245.44;00107.05;454469136;-736939802;22:05:07e
s-008.38;-002.69;0359.62;-00.72;000.53;009.47;022.58;101245.44;00107.05;454469136;-736939802;23:05:07e
S,0.98,-128.59,1004.91,140.00,-490.00,0.00,1005.26,45.4583817,-73.4328308,00,05,33,E
S,0.98,-128.59,1004.91,140.00,-490.00,0.00,1005.26,45.4583817,-73.4328308,00,05,33,E
S,0.98,-128.59,1004.91,140.00,-490.00,0.00,1005.26,45.4583817,-73.4328308,00,05,33,E
S,0.98,-128.59,1004.91,140.00,-490.00,0.00,1005.26,45.4583817,-73.4328308,00,05,33,E
s-005.38;-002.69;0359.62;-00.72;000.53;009.47;022.58;101245.44;00107.05;454469136;-736939802;20:05:07e
s-006.38;-002.69;0359.62;-00.72;000.53;009.47;022.58;101245.44;00107.05;454469136;-736939802;21:05:07e
s-007.38;-002.69;0359.62;-00.72;000.53;009.47;022.58;101245.44;00107.05;454469136;-736939802;22:05:07e
s-008.38;-002.69;0359.62;-00.72;000.53;009.47;022.58;101245.44;00107.05;454469136;-736939802;23:05:07e
S,0.98,-128.59,1004.91,140.00,-490.00,0.00,1005.26,45.4583817,-73.4328308,00,05,33,E
S,0.98,-128.59,1004.91,140.00,-490.00,0.00,1005.26,45.4583817,-73.4328308,00,05,33,E
S,0.98,-128.59,1004.91,140.00,-490.00,0.00,1005.26,45.4583817,-73.4328308,00,05,33,E
S,0.98,-128.59,1004.91,140.00,-490.00,0.00,1005.26,45.4583817,-73.4328308,00,05,33,E
s-005.38;-002.69;0359.62;-00.72;000.53;009.47;022.58;101245.44;00107.05;454469136;-736939802;20:05:07e
s-006.38;-002.69;0359.62;-00.72;000.53;009.47;022.58;101245.44;00107.05;454469136;-736939802;21:05:07e
s-007.38;-002.69;0359.62;-00.72;000.53;009.47;022.58;101245.44;00107.05;454469136;-736939802;22:05:07e
s-008.38;-002.69;0359.62;-00.72;000.53;009.47;022.58;101245.44;00107.05;454469136;-736939802;23:05:07e
S,0.98,-128.59,1004.91,140.00,-490.00,0.00,1005.26,45.4583817,-73.4328308,00,05,33,E
S,0.98,-128.59,1004.91,140.00,-490.00,0.00,1005.26,45.4583817,-73.4328308,00,05,33,E
S,0.98,-128.59,1004.91,140.00,-490.00,0.00,1005.26,45.4583817,-73.4328308,00,05,33,E
S,0.98,-128.59,1004.91,140.00,-490.00,0.00,1005.26,45.4583817,-73.4328308,00,05,33,E
s-005.38;-002.69;0359.62;-00.72;000.53;009.47;022.58;101245.44;00107.05;454469136;-736939802;20:05:07e
s-006.38;-002.69;0359.62;-00.72;000.53;009.47;022.58;101245.44;00107.05;454469136;-736939802;21:05:07e
s-007.38;-002.69;0359.62;-00.72;000.53;009.47;022.58;101245.44;00107.05;454469136;-736939802;22:05:07e
s-008.38;-002.69;0359.62;-00.72;000.53;009.47;022.58;101245.44;00107.05;454469136;-736939802;23:05:07e
S,0.98,-128.59,1004.91,140.00,-490.00,0.00,1005.26,45.4583817,-73.4328308,00,05,33,E
S,0.98,-128.59,1004.91,140.00,-490.00,0.00,1005.26,45.4583817,-73.4328308,00,05,33,E
S,0.98,-128.59,1004.91,140.00,-490.00,0.00,1005.26,45.4583817,-73.4328308,00,05,33,E
S,0.98,-128.59,1004.91,140.00,-490.00,0.00,1005.26,45.4583817,-73.4328308,00,05,33,E
s-005.38;-002.69;0359.62;-00.72;000.53;009.47;022.58;101245.44;00107.05;454469136;-736939802;20:05:07e
s-006.38;-002.69;0359.62;-00.72;000.53;009.47;022.58;101245.44;00107.05;454469136;-736939802;21:05:07e
s-007.38;-002.69;0359.62;-00.72;000.53;009.47;022.58;101245.44;00107.05;454469136;-736939802;22:05:07e
s-008.38;-002.69;0359.62;-00.72;000.53;009.47;022.58;101245.44;00107.05;454469136;-736939802;23:05:07e
S,0.98,-128.59,1004.91,140.00,-490.00,0.00,1005.26,45.4583817,-73.4328308,00,05,33,E
S,0.98,-128.59,1004.91,140.00,-490.00,0.00,1005.26,45.4583817,-73.4328308,00,05,33,E
S,0.98,-128.59,1004.91,140.00,-490.00,0.00,1005.26,45.4583817,-73.4328308,00,05,33,E
S,0.98,-128.59,1004.91,140.00,-490.00,0.00,1005.26,45.4583817,-73.4328308,00,05,33,E
s-005.38;-002.69;0359.62;-00.72;000.53;009.47;022.58;101245.44;00107.05;454469136;-736939802;20:05:07e
s-006.38;-002.69;0359.62;-00.72;000.53;009.47;022.58;101245.44;00107.05;454469136;-736939802;21:05:07e
s-007.38;-002.69;0359.62;-00.72;000.53;009.47;022.58;101245.44;00107.05;454469136;-736939802;22:05:07e
s-008.38;-002.69;0359.62;-00.72;000.53;009.47;022.58;101245.44;00107.05;454469136;-736939802;23:05:07e
S,0.98,-128.59,1004.91,140.00,-490.00,0.00,1005.26,45.4583817,-73.4328308,00,05,33,E
S,0.98,-128.59,1004.91,140.00,-490.00,0.00,1005.26,45.4583817,-73.4328308,00,05,33,E
S,0.98,-128.59,1004.91,140.00,-490.00,0.00,1005.26,45.4583817,-73.4328308,00,05,33,E
S,0.98,-128.59,1004.91,140.00,-490.00,0.00,1005.26,45.4583817,-73.4328308,00,05,33,E
s-005.38;-002.69;0359.62;-00.72;000.53;009.47;022.58;101245.44;00107.05;454469136;-736939802;20:05:07e
s-006.38;-002.69;0359.62;-00.72;000.53;009.47;022.58;101245.44;00107.05;454469136;-736939802;21:05:07e
s-007.38;-002.69;0359.62;-00.72;000.53;009.47;022.58;101245.44;00107.05;454469136;-736939802;22:05:07e
s-008.38;-002.69;0359.62;-00.72;000.53;009.47;022.58;101245.44;00107.05;454469136;-736939802;23:05:07e
S,0.98,-128.59,1004.91,140.00,-490.00,0.00,1005.26,45.4583817,-73.4328308,00,05,33,E
S,0.98,-128.59,1004.91,140.00,-490.00,0.00,1005.26,45.4583817,-73.4328308,00,05,33,E
S,0.98,-128.59,1004.91,140.00,-490.00,0.00,1005.26,45.4583817,-73.4328308,00,05,33,E
S,0.98,-128.59,1004.91,140.00,-490.00,0.00,1005.26,45.4583817,-73.4328308,00,05,33,E
s-005.38;-002.69;0359.62;-00.72;000.53;009.47;022.58;101245.44;00107.05;454469136;-736939802;20:05:07e
s-006.38;-002.69;0359.62;-00.72;000.53;009.47;022.58;101245.44;00107.05;454469136;-736939802;21:05:07e
s-007.38;-002.69;0359.62;-00.72;000.53;009.47;022.58;101245.44;00107.05;454469136;-736939802;22:05:07e
s-008.38;-002.69;0359.62;-00.72;000.53;009.47;022.58;101245.44;00107.05;454469136;-736939802;23:05:07e
S,0.98,-128.59,1004.91,140.00,-490.00,0.00,1005.26,45.4583817,-73.4328308,00,05,33,E
S,0.98,-128.59,1004.91,140.00,-490.00,0.00,1005.26,45.4583817,-73.4328308,00,05,33,E
S,0.98,-128.59,1004.91,140.00,-490.00,0.00,1005.26,45.4583817,-73.4328308,00,05,33,E
S,0.98,-128.59,1004.91,140.00,-490.00,0.00,1005.26,45.4583817,-73.4328308,00,05,33,E
s-005.38;-002.69;0359.62;-00.72;000.53;009.47;022.58;101245.44;00107.05;454469136;-736939802;20:05:07e
s-006.38;-002.69;0359.62;-00.72;000.53;009.47;022.58;101245.44;00107.05;454469136;-736939802;21:05:07e
s-007.38;-002.69;0359.62;-00.72;000.53;009.47;022.58;101245.44;00107.05;454469136;-736939802;22:05:07e
s-008.38;-002.69;0359.62;-00.72;000.53;009.47;022.58;101245.44;00107.05;454469136;-736939802;23:05:07e
S,0.98,-128.59,1004.91,140.00,-490.00,0.00,1005.26,45.4583817,-73.4328308,00,05,33,E
S,0.98,-128.59,1004.91,140.00,-490.00,0.00,1005.26,45.4583817,-73.4328308,00,05,33,E
S,0.98,-128.59,1004.91,140.00,-490.00,0.00,1005.26,45.4583817,-73.4328308,00,05,33,E
S,0.98,-128.59,1004.91,140.00,-490.00,0.00,1005.26,45.4583817,-73.4328308,00,05,33,E
s-005.38;-002.69;0359.62;-00.72;000.53;009.47;022.58;101245.44;00107.05;454469136;-736939802;20:05:07e
s-006.38;-002.69;0359.62;-00.72;000.53;009.47;022.58;101245.44;00107.05;454469136;-736939802;21:05:07e
s-007.38;-002.69;0359.62;-00.72;000.53;009.47;022.58;101245.44;00107.05;454469136;-736939802;22:05:07e
s-008.38;-002.69;0359.62;-00.72;000.53;009.47;022.58;101245.44;00107.05;454469136;-736939802;23:05:07e
S,0.98,-128.59,1004.91,140.00,-490.00,0.00,1005.26,45.4583817,-73.4328308,00,05,33,E
S,0.98,-128.59,1004.91,140.00,-490.00,0.00,1005.26,45.4583817,-73.4328308,00,05,33,E
S,0.98,-128.59,1004.91,140.00,-490.00,0.00,1005.26,45.4583817,-73.4328308,00,05,33,E
S,0.98,-128.59,1004.91,140.00,-490.00,0.00,1005.26,45.4583817,-73.4328308,00,05,33,E
s-005.38;-002.69;0359.62;-00.72;000.53;009.47;022.58;101245.44;00107.05;454469136;-736939802;20:05:07e
s-006.38;-002.69;0359.62;-00.72;000.53;009.47;022.58;101245.44;00107.05;454469136;-736939802;21:05:07e
s-007.38;-002.69;0359.62;-00.72;000.53;009.47;022.58;101245.44;00107.05;454469136;-736939802;22:05:07e
s-008.38;-002.69;0359.62;-00.72;000.53;009.47;022.58;101245.44;00107.05;454469136;-736939802;23:05:07e
S,0.98,-128.59,1004.91,140.00,-490.00,0.00,1005.26,45.4583817,-73.4328308,00,05,33,E
S,0.98,-128.59,1004.91,140.00,-490.00,0.00,1005.26,45.4583817,-73.4328308,00,05,33,E
S,0.98,-128.59,1004.91,140.00,-490.00,0.00,1005.26,45.4583817,-73.4328308,00,05,33,E
S,0.98,-128.59,1004.91,140.00,-490.00,0.00,1005.26,45.4583817,-73.4328308,00,05,33,E
s-005.38;-002.69;0359.62;-00.72;000.53;009.47;022.58;101245.44;00107.05;454469136;-736939802;20:05:07e
s-006.38;-002.69;0359.62;-00.72;000.53;009.47;022.58;101245.44;00107.05;454469136;-736939802;21:05:07e
s-007.38;-002.69;0359.62;-00.72;000.53;009.47;022.58;101245.44;00107.05;454469136;-736939802;22:05:07e
s-008.38;-002.69;0359.62;-00.72;000.53;009.47;022.58;101245.44;00107.05;454469136;-736939802;23:05:07e
S,0.98,-128.59,1004.91,140.00,-490.00,0.00,1005.26,45.4583817,-73.4328308,00,05,33,E
S,0.98,-128.59,1004.91,140.00,-490.00,0.00,1005.26,45.4583817,-73.4328308,00,05,33,E
S,0.98,-128.59,1004.91,140.00,-490.00,0.00,1005.26,45.4583817,-73.4328308,00,05,33,E
S,0.98,-128.59,1004.91,140.00,-490.00,0.00,1005.26,45.4583817,-73.4328308,00,05,33,E
s-005.38;-002.69;0359.62;-00.72;000.53;009.47;022.58;101245.44;00107.05;454469136;-736939802;20:05:07e
s-006.38;-002.69;0359.62;-00.72;000.53;009.47;022.58;101245.44;00107.05;454469136;-736939802;21:05:07e
s-007.38;-002.69;0359.62;-00.72;000.53;009.47;022.58;101245.44;00107.05;454469136;-736939802;22:05:07e
s-008.38;-002.69;0359.62;-00.72;000.53;009.47;022.58;101245.44;00107.05;454469136;-736939802;23:05:07e
S,0.98,-128.59,1004.91,140.00,-490.00,0.00,1005.26,45.4583817,-73.4328308,00,05,33,E
S,0.98,-128.59,1004.91,140.00,-490.00,0.00,1005.26,45.4583817,-73.4328308,00,05,33,E
S,0.98,-128.59,1004.91,140.00,-490.00,0.00,1005.26,45.4583817,-73.4328308,00,05,33,E
S,0.98,-128.59,1004.91,140.00,-490.00,0.00,1005.26,45.4583817,-73.4328308,00,05,33,E
s-005.38;-002.69;0359.62;-00.72;000.53;009.47;022.58;101245.44;00107.05;454469136;-736939802;20:05:07e
s-006.38;-002.69;0359.62;-00.72;000.53;009.47;022.58;101245.44;00107.05;454469136;-736939802;21:05:07e
s-007.38;-002.69;0359.62;-00.72;000.53;009.47;022.58;101245.44;00107.05;454469136;-736939802;22:05:07e
s-008.38;-002.69;0359.62;-00.72;000.53;009.47;022.58;101245.44;00107.05;454469136;-736939802;23:05:07e
S,0.98,-128.59,1004.91,140.00,-490.00,0.00,1005.26,45.4583817,-73.4328308,00,05,33,E
S,0.98,-128.59,1004.91,140.00,-490.00,0.00,1005.26,45.4583817,-73.4328308,00,05,33,E
S,0.98,-128.59,1004.91,140.00,-490.00,0.00,1005.26,45.4583817,-73.4328308,00,05,33,E
S,0.98,-128.59,1004.91,140.00,-490.00,0.00,1005.26,45.4583817,-73.4328308,00,05,33,E
s-005.38;-002.69;0359.62;-00.72;000.53;009.47;022.58;101245.44;00107.05;454469136;-736939802;20:05:07e
s-006.38;-002.69;0359.62;-00.72;000.53;009.47;022.58;101245.44;00107.05;454469136;-736939802;21:05:07e
s-007.38;-002.69;0359.62;-00.72;000.53;009.47;022.58;101245.44;00107.05;454469136;-736939802;22:05:07e
s-008.38;-002.69;0359.62;-00.72;000.53;009.47;022.58;101245.44;00107.05;454469136;-736939802;23:05:07e
S,0.98,-128.59,1004.91,140.00,-490.00,0.00,1005.26,45.4583817,-73.4328308,00,05,33,E
S,0.98,-128.59,1004.91,140.00,-490.00,0.00,1005.26,45.4583817,-73.4328308,00,05,33,E
S,0.98,-128.59,1004.91,140.00,-490.00,0.00,1005.26,45.4583817,-73.4328308,00,05,33,E
S,0.98,-128.59,1004.91,140.00,-490.00,0.00,1005.26,45.4583817,-73.4328308,00,05,33,E
s-005.38;-002.69;0359.62;-00.72;000.53;009.47;022.58;101245.44;00107.05;454469136;-736939802;20:05:07e
s-006.38;-002.69;0359.62;-00.72;000.53;009.47;022.58;101245.44;00107.05;454469136;-736939802;21:05:07e
s-007.38;-002.69;0359.62;-00.72;000.53;009.47;022.58;101245.44;00107.05;454469136;-736939802;22:05:07e
s-008.38;-002.69;0359.62;-00.72;000.53;009.47;022.58;101245.44;00107.05;454469136;-736939802;23:05:07e
S,0.98,-128.59,1004.91,140.00,-490.00,0.00,1005.26,45.4583817,-73.4328308,00,05,33,E
S,0.98,-128.59,1004.91,140.00,-490.00,0.00,1005.26,45.4583817,-73.4328308,00,05,33,E
S,0.98,-128.59,1004.91,140.00,-490.00,0.00,1005.26,45.4583817,-73.4328308,00,05,33,E
S,0.98,-128.59,1004.91,140.00,-490.00,0.00,1005.26,45.4583817,-73.4328308,00,05,33,E
s-005.38;-002.69;0359.62;-00.72;000.53;009.47;022.58;101245.44;00107.05;454469136;-736939802;20:05:07e
s-006.38;-002.69;0359.62;-00.72;000.53;009.47;022.58;101245.44;00107.05;454469136;-736939802;21:05:07e
s-007.38;-002.69;0359.62;-00.72;000.53;009.47;022.58;101245.44;00107.05;454469136;-736939802;22:05:07e
s-008.38;-002.69;0359.62;-00.72;000.53;009.47;022.58;101245.44;00107.05;454469136;-736939802;23:05:07e
S,0.98,-128.59,1004.91,140.00,-490.00,0.00,1005.26,45.4583817,-73.4328308,00,05,33,E
S,0.98,-128.59,1004.91,140.00,-490.00,0.00,1005.26,45.4583817,-73.4328308,00,05,33,E
S,0.98,-128.59,1004.91,140.00,-490.00,0.00,1005.26,45.4583817,-73.4328308,00,05,33,E
S,0.98,-128.59,1004.91,140.00,-490.00,0.00,1005.26,45.4583817,-73.4328308,00,05,33,E
s-005.38;-002.69;0359.62;-00.72;000.53;009.47;022.58;101245.44;00107.05;454469136;-736939802;20:05:07e
s-006.38;-002.69;0359.62;-00.72;000.53;009.47;022.58;101245.44;00107.05;454469136;-736939802;21:05:07e
s-007.38;-002.69;0359.62;-00.72;000.53;009.47;022.58;101245.44;00107.05;454469136;-736939802;22:05:07e
s-008.38;-002.69;0359.62;-00.72;000.53;009.47;022.58;101245.44;00107.05;454469136;-736939802;23:05:07e
S,0.98,-128.59,1004.91,140.00,-490.00,0.00,1005.26,45.4583817,-73.4328308,00,05,33,E
S,0.98,-128.59,1004.91,140.00,-490.00,0.00,1005.26,45.4583817,-73.4328308,00,05,33,E
S,0.98,-128.59,1004.91,140.00,-490.00,0.00,1005.26,45.4583817,-73.4328308,00,05,33,E
S,0.98,-128.59,1004.91,140.00,-490.00,0.00,1005.26,45.4583817,-73.4328308,00,05,33,E
s-005.38;-002.69;0359.62;-00.72;000.53;009.47;022.58;101245.44;00107.05;454469136;-736939802;20:05:07e
s-006.38;-002.69;0359.62;-00.72;000.53;009.47;022.58;101245.44;00107.05;454469136;-736939802;21:05:07e
s-007.38;-002.69;0359.62;-00.72;000.53;009.47;022.58;101245.44;00107.05;454469136;-736939802;22:05:07e
s-008.38;-002.69;0359.62;-00.72;000.53;009.47;022.58;101245.44;00107.05;454469136;-736939802;23:05:07e
S,0.98,-128.59,1004.91,140.00,-490.00,0.00,1005.26,45.4583817,-73.4328308,00,05,33,E
S,0.98,-128.59,1004.91,140.00,-490.00,0.00,1005.26,45.4583817,-73.4328308,00,05,33,E
S,0.98,-128.59,1004.91,140.00,-490.00,0.00,1005.26,45.4583817,-73.4328308,00,05,33,E
S,0.98,-128.59,1004.91,140.00,-490.00,0.00,1005.26,45.4583817,-73.4328308,00,05,33,E
s-005.38;-002.69;0359.62;-00.72;000.53;009.47;022.58;101245.44;00107.05;454469136;-736939802;20:05:07e
s-006.38;-002.69;0359.62;-00.72;000.53;009.47;022.58;101245.44;00107.05;454469136;-736939802;21:05:07e
s-007.38;-002.69;0359.62;-00.72;000.53;009.47;022.58;101245.44;00107.05;454469136;-736939802;22:05:07e
s-008.38;-002.69;0359.62;-00.72;000.53;009.47;022.58;101245.44;00107.05;454469136;-736939802;23:05:07e
S,0.98,-128.59,1004.91,140.00,-490.00,0.00,1005.26,45.4583817,-73.4328308,00,05,33,E
S,0.98,-128.59,1004.91,140.00,-490.00,0.00,1005.26,45.4583817,-73.4328308,00,05,33,E
S,0.98,-128.59,1004.91,140.00,-490.00,0.00,1005.26,45.4583817,-73.4328308,00,05,33,E
S,0.98,-128.59,1004.91,140.00,-490.00,0.00,1005.26,45.4583817,-73.4328308,00,05,33,E
s-005.38;-002.69;0359.62;-00.72;000.53;009.47;022.58;101245.44;00107.05;454469136;-736939802;20:05:07e
s-006.38;-002.69;0359.62;-00.72;000.53;009.47;022.58;101245.44;00107.05;454469136;-736939802;21:05:07e
s-007.38;-002.69;0359.62;-00.72;000.53;009.47;022.58;101245.44;00107.05;454469136;-736939802;22:05:07e
s-008.38;-002.69;0359.62;-00.72;000.53;009.47;022.58;101245.44;00107.05;454469136;-736939802;23:05:07e
S,0.98,-128.59,1004.91,140.00,-490.00,0.00,1005.26,45.4583817,-73.4328308,00,05,33,E
S,0.98,-128.59,1004.91,140.00,-490.00,0.00,1005.26,45.4583817,-73.4328308,00,05,33,E
S,0.98,-128.59,1004.91,140.00,-490.00,0.00,1005.26,45.4583817,-73.4328308,00,05,33,E
S,0.98,-128.59,1004.91,140.00,-490.00,0.00,1005.26,45.4583817,-73.4328308,00,05,33,E
s-005.38;-002.69;0359.62;-00.72;000.53;009.47;022.58;101245.44;00107.05;454469136;-736939802;20:05:07e
s-006.38;-002.69;0359.62;-00.72;000.53;009.47;022.58;101245.44;00107.05;454469136;-736939802;21:05:07e
s-007.38;-002.69;0359.62;-00.72;000.53;009.47;022.58;101245.44;00107.05;454469136;-736939802;22:05:07e
s-008.38;-002.69;0359.62;-00.72;000.53;009.47;022.58;101245.44;00107.05;454469136;-736939802;23:05:07e
S,0.98,-128.59,1004.91,140.00,-490.00,0.00,1005.26,45.4583817,-73.4328308,00,05,33,E
S,0.98,-128.59,1004.91,140.00,-490.00,0.00,1005.26,45.4583817,-73.4328308,00,05,33,E
S,0.98,-128.59,1004.91,140.00,-490.00,0.00,1005.26,45.4583817,-73.4328308,00,05,33,E
S,0.98,-128.59,1004.91,140.00,-490.00,0.00,1005.26,45.4583817,-73.4328308,00,05,33,E
s-005.38;-002.69;0359.62;-00.72;000.53;009.47;022.58;101245.44;00107.05;454469136;-736939802;20:05:07e
s-006.38;-002.69;0359.62;-00.72;000.53;009.47;022.58;101245.44;00107.05;454469136;-736939802;21:05:07e
s-007.38;-002.69;0359.62;-00.72;000.53;009.47;022.58;101245.44;00107.05;454469136;-736939802;22:05:07e
s-008.38;-002.69;0359.62;-00.72;000.53;009.47;022.58;101245.44;00107.05;454469136;-736939802;23:05:07e
S,0.98,-128.59,1004.91,140.00,-490.00,0.00,1005.26,45.4583817,-73.4328308,00,05,33,E
S,0.98,-128.59,1004.91,140.00,-490.00,0.00,1005.26,45.4583817,-73.4328308,00,05,33,E
S,0.98,-128.59,1004.91,140.00,-490.00,0.00,1005.26,45.4583817,-73.4328308,00,05,33,E
S,0.98,-128.59,1004.91,140.00,-490.00,0.00,1005.26,45.4583817,-73.4328308,00,05,33,E
s-005.38;-002.69;0359.62;-00.72;000.53;009.47;022.58;101245.44;00107.05;454469136;-736939802;20:05:07e
s-006.38;-002.69;0359.62;-00.72;000.53;009.47;022.58;101245.44;00107.05;454469136;-736939802;21:05:07e
s-007.38;-002.69;0359.62;-00.72;000.53;009.47;022.58;101245.44;00107.05;454469136;-736939802;22:05:07e
s-008.38;-002.69;0359.62;-00.72;000.53;009.47;022.58;101245.44;00107.05;454469136;-736939802;23:05:07e
