s0002.98;009.11;027.80;098940.22;00300.45;455033522;-735868042;20:45:34e
s0000.19;-018.19;0170.50;000.01;002.97;009.11;027.79;098940.80;00300.40;455033520;-735868036;20:45:36e

s0000.19;-018.19;0170.50;000.00;002.96;009.08;027.79;098941.21;00300.36;455033517;-735868032;20:45:38e

s0000.19;-018.19;0170.50;000.00;002.97;009.14;027.79;098941.79;00300.31;455033515;-735868031;20:45:40e

s0000.19;-018.19;0170.50;000.00;002.96;009.11;027.79;098942.38;00300.27;455033512;-735868031;20:45:42e

s0000.19;-018.19;0170.50;000.01;002.97;009.13;027.78;098942.75;00300.23;455033513;-735868031;20:45:44e

